1049
1700
1626
290
1335
1030
1871
1665
1972
1992
662
439
1908
1924
644
1684
210
1642
1490
1406
423
531
1353
717
204
1291
1538
1388
35
1688
1047
1562
127
243
1559
290
267
1443
1978
1665
739
1542
1165
436
1912
1430
166
851
1718
1419
1490
1406
692
1067
1353
1586
724
847
569
483
1995
97
427
1752
1880
1056
1178
97
1019
1030
825
1665
1437
91
1165
436
1343
1112
802
851
32
1419
290
1428
610
1067
433
1774
1423
847
569
1388
1995
1440
1047
1752
1031
243
1559
164
1335
1030
976
2008
1437
91
662
436
1101
1430
220
1942
1978
1829
1490
1406
423
1067
1497
1774
1423
1343
115
1388
1995
1688
427
1562
1031
1211
1697
546
1335
1030
1978
2008
739
1542
1165
436
1101
1112
644
851
32
646
1736
1428
1908
1067
1332
1586
1423
1343
569
483
422
14
1140
1956
1031
1211
1697
290
1335
1443
976
1648
1437
1542
662
1190
1908
1430
644
1684
32
251
1736
1853
1908
1067
1497
717
204
1343
1538
1124
35
14
332
1562
1492
1211
1697
290
1736
1443
666
1648
1210
374
662
436
1908
1714
802
1684
1978
1642
1490
1402
1908
1626
1353
717
1423
1343
569
951
1995
1440
1047
1752
1492
1211
1697
290
267
1443
825
1648
1437
1542
662
436
1123
650
166
1942
1978
251
290
1402
692
1626
1353
717
1423
1343
569
1388
422
14
1047
1833
384
875
165
1422
1088
1863
203
1799
23
708
113
516
1320
921
1877
1938
644
86
1021
1803
1768
424
1458
36
848
1151
1943
1457
1272
951
1614
1342
337
528
543
1305
1609
1401
700
1923
291
329
1603
1691
956
1242
1750
33
1527
1152
172
1010
1005
1325
1970
1948
412
915
595
1649
811
1416
1361
1551
1212
467
1731
1289
976
418
1763
1204
1497
1544
1669
25
1172
1529
998
1784
1186
1139
1201
467
940
821
133
1695
1574
1672
77
836
1200
989
1218
1213
567
1687
100
437
1154
1254
788
1235
677
1996
1393
210
689
1328
1313
158
1015
641
1501
2012
1246
1486
1769
684
1898
1863
641
258
511
1395
2020
1187
1015
369
901
375
1730
1268
1003
1601
195
300
1588
1369
2014
527
445
55
1448
197
1505
1828
652
1912
1032
123
653
1509
715
2043
1395
1898
1839
1163
984
1344
616
2009
1399
1539
1035
580
62
1217
1417
1789
1367
1533
472
1330
92
1594
780
441
114
721
645
234
1544
705
1474
587
1089
1996
1828
515
1428
1188
1402
1264
1234
1274
1623
1214
806
1073
1423
1821
1847
1844
1827
1768
1611
1190
291
1566
1770
1768
1787
812
928
140
1089
1032
747
346
838
583
919
1855
2004
264
1818
1393
1839
1990
1945
1984
477
1496
1255
515
425
792
1538
941
313
672
1084
1278
1861
1320
1354
1891
1919
1641
1092
600
493
1958
398
220
372
1805
1502
1781
95
1520
1133
458
914
870
941
1804
1398
1292
1333
306
859
773
447
71
1862
1038
1964
565
1433
347
1824
984
1103
683
1366
1778
351
1053
840
1684
1953
1344
161
906
1810
1823
1050
1190
887
325
1566
1139
296
506
1516
892
1740
579
1759
118
1327
1300
1527
874
1984
44
557
1204
2027
975
1708
403
1108
64
1310
1035
295
522
1838
182
939
2004
1948
1260
1117
498
1431
1747
1519
52
716
609
465
1261
1196
892
32
1581
1148
1204
313
538
901
1063
1975
66
268
808
1801
1372
1541
1101
1572
565
599
1627
345
1058
1847
111
1042
865
1178
808
1776
886
1481
264
1873
56
1623
1320
882
282
957
648
1310
514
1627
1961
1288
1515
1455
906
988
1124
753
858
2039
1673
172
1358
1379
543
1928
522
1617
1782
59
1856
1303
1099
561
1265
1586
869
1714
1188
45
14
227
1503
904
201
618
1673
418
265
687
2008
1563
1970
388
794
1261
1213
314
793
1056
73
118
590
1724
406
1312
268
1935
281
1005
2001
553
1658
581
810
1708
2016
356
538
697
1786
1014
684
910
708
819
1008
1580
805
1683
91
803
828
400
807
261
177
1052
34
1885
1999
1643
1453
1550
1909
401
559
1062
570
1250
1827
291
1201
269
1040
348
760
865
688
1532
972
406
1579
42
1665
918
985
1871
1421
8
176
2011
285
1185
811
328
1919
51
2031
974
446
819
1444
1741
1430
1678
55
1614
759
465
654
1700
1531
1543
569
1674
1587
1923
857
257
1258
1146
1669
1868
1705
813
511
747
512
786
1305
424
27
1249
1518
518
620
1396
1040
561
575
1095
1862
1759
1811
1639
609
906
825
1408
165
773
1248
10
1857
1885
445
1415
257
553
1586
208
1604
1477
864
1007
1615
615
1004
126
887
803
435
1439
551
484
1304
387
1305
1145
1365
1551
524
554
88
280
2034
1616
1964
1115
1893
1926
1739
943
1822
1867
1638
1080
1421
924
509
532
1352
380
1631
713
1915
2004
1563
1586
768
898
1408
656
448
567
1754
1566
1501
339
673
491
2044
1712
1857
887
993
1941
883
1731
837
446
1517
1352
146
633
565
584
800
634
784
1305
1580
688
1773
840
826
1188
1155
1658
1245
782
854
560
1033
1757
145
891
1535
622
196
618
1719
18
850
1345
1606
452
329
941
1234
1915
1401
1289
1978
1889
1477
1746
821
1416
1500
579
1248
1575
622
1866
1376
203
959
948
110
476
105
1360
1986
1536
1410
675
1294
1150
735
1254
1307
1530
1310
1042
231
701
566
1450
2035
1692
1489
857
471
597
1977
768
1312
1240
1688
228
1527
181
1545
121
643
1581
41
2029
843
680
1551
537
402
576
69
1393
2037
1929
1446
865
593
968
1794
1987
316
667
350
457
1720
477
754
1010
820
1056
1655
2009
1943
1364
679
192
554
1896
1840
1843
580
1056
1865
18
439
1419
160
1616
1861
1704
830
729
811
1178
546
1335
1572
976
1852
739
1542
1028
326
86
1146
29
1448
111
1642
141
1428
692
1897
466
1774
699
1792
888
1388
35
2023
1140
1256
222
811
1178
164
481
1443
666
1648
1972
1370
1056
709
1101
1146
1653
851
491
646
983
1853
692
1444
1332
1586
142
591
47
929
346
1820
489
1082
396
1056
457
290
481
478
825
2008
739
1146
1028
439
1527
113
166
1942
1531
1261
1017
1406
692
525
2008
853
724
591
47
1388
1365
1440
332
1256
396
91
783
290
1736
478
666
1477
1134
1542
118
326
1736
1204
1483
959
1899
1829
2015
1402
1872
154
1497
1086
1758
1561
1484
1388
2008
1688
1706
1082
404
1056
457
290
589
714
1978
1648
469
1187
118
760
1352
113
644
1942
920
151
1385
958
263
1771
78
582
931
503
902
483
1160
1218
17
1417
404
91
783
546
723
317
976
1477
803
374
1048
1383
1912
1146
1653
1448
1978
1419
290
1402
692
1897
1353
853
172
973
1760
1412
170
1820
475
1780
1104
1567
1433
1546
660
919
546
1915
1309
1095
538
862
829
687
800
512
554
200
412
1113
140
1607
1128
894
1519
167
916
1636
391
1591
756
536
195
1076
158
830
292
732
925
1679
1612
2007
754
1399
517
1606
1094
208
1321
1672
224
830
1103
875
1574
598
1363
498
1704
1231
985
303
971
1910
1441
1120
2014
214
1818
1901
530
771
862
385
1834
1604
534
2038
1731
455
257
1819
247
306
1195
935
955
512
423
1089
437
1461
276
1656
1402
46
1705
566
627
607
1744
1848
1294
1753
1223
515
1820
1211
1909
1332
120
783
324
1968
854
719
1418
915
194
1310
1761
183
570
730
357
794
1011
1008
298
1184
770
1341
49
341
520
478
1748
602
270
269
396
1279
2044
192
860
1825
283
219
1055
1994
199
1008
102
744
202
293
1787
1381
2026
1494
298
1760
96
737
2029
1847
134
1311
18
17
1184
1620
1180
1596
1310
1192
813
1340
1725
1279
1979
1564
667
1125
1153
495
144
675
1973
20
839
1229
1143
2022
1359
94
902
1208
1260
778
1988
735
241
1058
610
506
545
1449
793
1070
1765
1231
1834
1221
1577
1809
1011
668
1633
647
1795
1152
1558
1003
1066
1419
1175
1716
992
1092
1492
108
1729
418
1059
477
1163
1148
1384
392
1019
1018
1345
1607
134
475
1636
512
541
1315
121
1040
1200
1178
1444
906
17
1508
1549
2003
1086
1047
804
1367
580
904
191
1390
568
1999
551
968
1979
360
1621
560
1532
2002
1237
108
555
437
126
1492
833
113
258
1534
632
1708
1744
1891
311
4
1657
530
1758
1098
1315
1336
1388
592
435
1934
906
912
1905
1505
961
374
115
30
1955
1592
1843
429
1742
1598
378
2034
1467
872
1328
1638
1685
1989
285
112
1474
1991
116
661
956
271
1141
2008
1168
418
27
23
24
1939
1414
1589
265
624
2022
1385
1305
1362
1768
453
574
467
1128
1689
395
1146
703
826
969
299
1723
1365
1032
1612
586
652
676
258
828
45
798
1262
1849
612
1408
1426
494
1405
656
1519
969
729
858
537
1867
1955
1529
318
771
1380
1876
1165
807
1660
1127
580
1293
419
1234
1890
1195
1926
1052
1353
1244
1835
104
1236
156
1938
1430
65
1470
626
1634
1317
1762
80
132
1351
597
18
833
903
1088
1213
3
903
889
127
939
34
1312
1721
761
732
465
671
1733
100
368
230
224
1758
951
1748
1472
355
1905
563
2046
606
1666
1280
41
1580
1724
757
1067
929
232
71
790
1848
233
1533
1440
398
1362
1654
537
1195
1394
133
1132
1605
550
1177
1566
1501
1119
1601
121
623
473
2018
1062
96
697
1731
1704
1114
1853
500
508
1742
882
765
756
1943
950
1272
1226
414
1019
1140
987
1685
1272
1718
1940
918
1695
1135
2000
102
1313
1861
887
124
1823
433
1485
1713
167
1771
326
1321
360
1188
291
333
1570
619
551
2034
324
1958
268
1806
971
1266
1940
442
11
1519
726
1893
513
615
530
1963
417
2024
957
1630
1034
447
1532
956
1478
1690
512
251
213
2044
931
1999
342
49
58
1740
297
1375
489
1104
155
1477
716
1680
481
1606
1557
625
112
709
477
1174
214
920
757
1617
1114
786
398
1456
651
1067
1939
433
1147
1033
1964
77
1316
441
978
811
783
290
481
165
1044
152
739
1389
662
1190
1527
1430
214
959
1531
1829
1672
1654
1376
1067
1453
1480
604
1015
569
1412
1312
1440
475
1227
729
1056
457
164
68
1832
825
1321
1866
1542
1056
1190
228
2043
220
851
1413
646
1923
1668
423
1626
1353
1774
619
973
1893
1388
1104
1440
2043
1780
396
1056
457
1477
481
555
1249
1177
739
1542
113
709
1101
1714
983
1942
1899
151
1736
522
82
219
1453
804
172
973
875
1388
1930
1218
1704
1752
396
1056
457
290
723
1443
1044
1477
1866
1370
1048
326
1912
1430
1653
1448
1050
251
1736
1668
1255
1444
466
1774
27
1325
342
432
35
1244
332
1780
396
91
783
290
983
1443
43
1648
1323
91
1028
253
1912
1714
1653
1684
200
1642
1100
522
1255
896
1453
1586
724
1776
569
951
1930
1218
481
1562
404
1056
1178
546
267
1030
1433
1533
739
374
662
1190
194
1430
29
851
32
1829
1017
1402
692
525
1353
1774
204
1015
1570
1254
170
1440
332
1082
818
91
1697
546
481
1717
43
1648
358
374
415
1190
1912
1204
220
1032
271
1419
1167
1853
423
1626
1332
1774
33
17
1760
513
1995
1440
171
1718
395
91
783
104
915
317
1249
945
1972
1802
415
1190
86
1756
144
1275
32
339
2015
1428
1297
1067
1332
963
737
973
115
1033
1160
907
1783
1607
727
1002
1121
183
151
568
1285
156
1217
399
118
1092
108
376
130
1405
748
554
1017
1428
992
542
12
1396
632
485
601
1458
286
195
1730
1454
