1049
811
1626
1477
1335
478
1044
1868
1437
91
1056
140
1908
1112
802
667
147
1419
1736
1853
1908
154
1009
804
1758
973
1887
432
35
1440
332
94
127
811
1029
1477
946
165
825
1053
739
1542
828
240
1912
892
29
1684
1718
646
1758
1428
1872
1444
1458
977
33
1776
115
1388
559
2032
1047
1780
1880
91
1029
97
1736
1572
1978
1665
1437
1146
1056
326
812
239
644
1942
491
44
1100
1406
692
1067
1458
1586
33
591
1091
483
559
431
1140
1752
972
91
1029
97
457
1572
825
1533
358
1187
447
1190
1736
1112
166
851
929
1419
1017
412
1411
1953
1332
853
604
1343
190
1309
1160
1440
905
94
1156
1922
446
1057
592
718
1660
924
1209
583
352
667
921
1842
197
846
729
797
1291
285
36
400
1404
1416
1011
1211
1893
1093
282
486
272
371
1584
250
399
1446
1318
239
588
1914
489
1771
558
1413
817
1293
1398
1521
466
37
1845
267
1344
1200
783
1414
1355
1700
948
1358
178
1486
1997
1300
1123
1788
1136
101
712
518
1304
71
1274
386
66
26
244
1409
1114
888
1089
1324
315
549
927
833
301
2017
1630
585
441
936
274
1384
1655
572
362
628
827
1320
1192
1944
619
1746
703
1538
1563
1288
104
396
537
702
128
1255
644
1276
984
283
783
55
1954
1767
56
859
372
1651
109
172
1057
1091
1725
1972
2007
453
747
75
1906
29
868
1111
39
893
1698
223
1158
235
2017
851
1536
634
93
243
1122
1572
1466
861
1329
201
215
1117
162
720
1713
416
196
202
1961
1398
59
447
243
2008
575
1609
905
652
1243
1376
1003
490
537
1256
662
912
719
995
286
1030
205
940
925
335
1146
142
1093
994
1138
1558
916
1008
750
1928
1050
1459
1922
1013
753
592
17
474
283
1601
876
399
706
1274
1351
1812
1299
1332
1823
1429
1781
359
1580
1929
1738
1063
1685
157
1696
1338
1443
1400
1114
1298
1451
1091
387
376
602
750
1616
302
300
302
633
1047
623
1441
854
419
1342
823
1502
1298
917
575
1659
274
2014
1723
1289
860
1376
1736
1071
1297
1299
1567
604
1446
146
1427
785
1143
782
1686
1954
43
1190
1045
469
1964
59
619
693
1344
1228
2024
1801
1832
1061
1006
1614
820
1857
423
852
1486
1345
124
1211
683
624
970
301
1838
511
481
747
458
1595
150
1448
101
362
461
1554
1731
798
1756
279
193
1279
1079
762
1395
906
1361
178
372
540
287
1064
495
1820
1190
861
1860
1001
1958
441
420
168
738
675
1574
773
2045
1449
1364
648
1091
1602
295
1474
226
754
418
2036
596
1018
1401
1079
100
1851
366
1079
1400
542
62
371
1570
67
195
1708
1184
613
888
785
627
226
1852
8
1640
1235
1643
25
1974
1778
632
1235
1486
470
1818
1321
1854
265
620
1294
1859
1107
2001
1756
829
1272
1414
43
400
120
474
1424
746
1099
1433
690
741
1126
1368
1281
1910
642
358
1991
1387
904
1386
328
161
990
1794
1821
658
686
1364
1589
569
1460
849
806
1739
1198
1532
288
50
279
1978
851
1173
367
78
649
1890
1369
1873
1069
1587
1720
1801
363
1725
1835
733
108
1233
1173
1818
356
975
1908
175
159
385
17
130
1798
1402
910
917
1772
690
1565
282
571
193
1601
1586
427
392
166
72
1473
1835
433
137
1085
556
376
724
819
1949
957
1837
443
315
1241
918
1810
637
1093
1692
186
773
434
701
1612
1784
1802
1952
1990
1111
679
1060
716
795
764
1349
1897
389
252
1669
1569
1703
341
108
503
408
1495
824
300
1196
706
330
1307
907
1149
932
1114
317
104
1549
781
301
1995
593
328
1421
148
1523
219
288
1842
493
1025
523
178
74
810
1135
1390
1545
598
2022
362
1741
978
316
1697
1562
481
1030
825
2008
1972
91
113
436
194
1430
1653
667
32
1419
77
1853
1411
1897
466
753
724
847
115
1388
35
431
1195
970
729
1056
783
142
1335
347
666
1477
803
1370
1048
436
194
2043
983
1732
1050
1642
1923
1853
1255
525
1497
643
142
591
1484
1254
559
14
475
1752
396
243
1559
290
1019
1030
666
1744
803
1146
662
1383
1123
113
144
610
210
1419
445
1428
1255
896
1353
1586
33
973
1538
951
1034
2032
1783
1833
396
1056
1697
164
1335
347
43
2008
1437
1370
1056
436
194
113
644
1684
210
646
1490
1402
1908
896
1353
853
1423
591
1484
1124
1995
14
1140
1752
396
1056
783
290
1736
347
1249
1744
1210
1992
118
436
194
892
983
667
1978
1429
290
1428
610
859
1353
853
18
591
115
432
1930
2032
332
1833
1544
1056
783
290
481
347
666
2008
739
374
1048
436
696
1146
1653
1448
32
1642
1017
1428
692
1067
1353
1774
204
847
47
483
422
431
1140
1833
1544
1056
783
290
1736
347
666
2008
358
1370
662
439
696
1430
802
667
491
1419
445
1402
1255
1067
1353
804
604
591
47
1254
170
14
1140
1956
1934
1056
1697
164
481
347
1978
2008
1437
1992
662
436
1908
1146
166
1448
1978
1419
1736
1402
692
1953
1353
804
204
847
569
1254
422
97
1047
1562
818
1056
1178
546
267
347
43
2008
1210
1802
662
1190
1101
1430
1653
667
32
1829
1490
1853
1908
1897
1497
1774
142
973
569
1254
1995
97
1657
1752
395
1056
1178
546
267
1350
825
1744
1972
1370
113
436
1101
1430
29
851
1978
1829
1490
82
1255
1953
1458
1586
204
847
47
1388
35
2032
475
1517
395
1056
783
290
1736
347
666
2008
1866
374
662
253
1523
1146
802
1942
32
1419
618
1428
423
1953
1332
1586
604
591
47
1388
1995
2032
660
1562
395
1056
1178
546
1335
1572
1433
1744
803
1542
662
436
1101
1146
1653
1942
1978
1419
1490
1402
692
1897
1497
853
604
591
1484
1124
1995
1440
427
1517
395
1056
783
290
1736
1030
825
1744
1437
91
1028
1383
1736
650
144
1942
271
1419
1736
1428
692
1626
1332
1586
204
591
1893
1309
35
1244
427
1956
395
1056
1178
546
1736
347
1044
1665
1866
1992
1165
1729
1527
1430
802
851
929
1419
1736
1406
1908
1897
1353
717
604
591
47
483
936
1440
1783
904
1425
579
1015
1391
411
1830
1751
1498
1261
1732
1271
491
650
353
914
1164
780
86
1622
1986
1750
987
922
583
1909
794
648
607
724
28
1115
1019
919
1613
2017
1683
630
1631
1253
487
383
1969
173
1391
1413
395
797
1326
928
1177
1450
754
1928
1831
1422
819
837
730
1559
2002
1273
355
1778
1231
772
528
1425
507
1337
443
834
1161
1849
288
347
1261
1518
1318
1596
260
1225
1076
1743
898
1351
367
1630
406
289
1881
984
656
492
209
173
1684
342
1764
1884
851
87
1426
780
1483
1581
650
665
2041
1038
1974
1864
1820
104
1747
1148
434
1512
1431
389
1339
615
1789
837
1623
128
773
1055
1939
320
1643
20
327
1181
761
1425
646
762
180
1352
559
341
1303
273
495
497
1908
1478
1149
1759
1096
73
1783
1306
890
1828
397
1376
1010
1302
526
150
1788
1538
1089
1367
1297
57
248
1228
888
949
356
249
393
711
1999
628
922
681
492
495
1736
783
518
1406
320
55
315
80
1339
1922
1337
113
1209
1319
373
892
1366
920
1793
1403
366
250
1486
1374
1391
493
153
466
238
1939
918
1535
842
985
614
326
1773
1997
1011
1505
700
1170
1580
1384
142
1984
1309
1462
388
457
1044
1441
1337
930
1993
1615
631
287
1059
1747
1856
611
508
467
1788
1150
1040
799
76
1780
787
851
1484
995
1799
773
1031
1945
456
1173
692
1691
900
163
1329
742
1385
1232
680
2024
535
225
1787
1960
1681
1137
1576
1192
942
836
405
511
778
680
1068
1082
1941
1339
822
1790
1429
57
150
1186
94
221
1801
584
1838
1902
1547
1041
600
1933
1318
962
1783
1519
1282
1620
1977
2023
350
909
1039
1468
379
1400
28
1948
882
1
1524
385
2040
1245
1254
1827
277
1203
186
1332
935
1195
30
1828
1402
1185
1257
1625
1206
925
114
1441
1483
3
1483
288
1125
290
1253
1148
408
1126
101
1284
1419
1897
1486
726
642
1415
950
1169
967
65
1474
1479
1852
1924
1081
492
246
1182
1570
1174
1405
266
350
483
687
1864
1891
1164
57
1051
192
628
1253
300
905
1290
276
1397
573
235
1734
1170
13
1282
252
1836
1772
1172
1885
1180
1839
1954
529
64
1407
1663
936
1383
746
1289
1859
1848
360
781
114
1205
1314
21
1911
955
1785
1750
199
923
538
254
45
1389
1501
2026
1351
975
704
1240
511
921
140
1504
840
1860
538
1307
2005
700
84
720
951
671
351
2044
279
624
658
336
171
2
1819
78
1158
264
1902
130
782
2003
1556
900
1764
1239
511
1749
931
717
1499
1895
477
783
142
340
555
1044
1648
739
1146
1048
1190
1736
239
802
667
1990
1419
1665
1654
811
1626
466
1901
204
17
1016
453
171
1440
332
1517
729
1056
783
142
481
347
666
1744
1437
1802
662
439
696
1146
1653
241
1050
1829
1736
1853
469
1067
1458
1774
724
973
1538
1388
35
14
1047
1956
1743
1056
783
290
1736
347
1978
2008
1210
1992
1740
436
1908
1204
29
241
32
151
290
1428
692
525
1497
1774
204
503
47
483
422
97
1047
1752
396
1056
783
290
1736
347
43
2008
1210
1992
113
439
1908
1204
1653
1684
32
1419
290
1853
692
1953
1353
717
33
591
47
1388
1995
14
1047
1833
1544
1056
1697
164
1335
347
1044
1868
1866
1370
1048
439
1123
1204
983
1448
1899
1829
1736
1402
1908
525
1497
1586
33
1446
1484
483
35
14
1047
1256
1544
1056
783
290
68
1832
825
1477
1437
1992
1048
436
1101
113
802
667
1899
251
618
1853
692
525
1353
1774
1423
973
47
1388
1995
14
1047
1562
1544
1056
783
142
481
347
1978
2008
1437
374
1321
709
1908
1714
166
241
42
646
1736
1402
469
1444
1497
963
1033
591
899
1254
422
1688
427
1562
1934
1056
1178
546
267
347
825
1477
803
91
1048
1383
1908
1146
144
851
32
1829
290
1428
423
1897
1458
1774
33
591
47
1309
1104
97
1047
1833
395
1056
1178
290
267
347
976
1533
1437
374
1048
253
812
1204
644
667
491
1642
618
1406
423
1953
377
804
27
17
47
432
1995
1999
332
1562
395
1056
783
1477
946
165
666
1190
803
91
1028
1383
1527
1714
144
1684
1413
1642
1490
1428
692
154
1497
1586
1033
591
1760
1715
1964
1244
475
1086
395
1056
1178
546
267
1030
43
1744
739
374
662
709
194
1112
1653
667
32
2017
1672
1402
1872
896
1353
1586
604
591
1893
951
35
97
1140
1956
395
1056
1178
546
267
347
825
2008
1210
1146
1048
439
812
650
144
851
32
251
655
1402
1908
525
1497
1774
724
591
47
1254
35
2023
1140
1752
395
1056
783
290
1736
347
1978
2008
358
1370
662
1190
1908
1430
166
667
1899
1419
1736
1428
1908
1897
1353
1774
724
847
1760
1254
422
1688
427
1752
395
1056
1178
417
306
347
825
1744
469
1542
118
1190
1974
1204
144
241
1531
1419
1736
1654
1908
1897
78
963
27
591
1778
1845
1252
1440
1872
1752
395
1056
1178
142
267
1572
1044
1744
1437
374
1056
439
1912
1146
644
1448
32
1419
290
1397
1255
1067
1458
1586
33
17
1893
951
422
1440
1047
1956
818
1056
1178
546
267
1572
825
1648
1210
605
1048
436
1527
1077
29
1448
491
1829
618
1853
692
507
377
717
27
847
1484
951
35
1999
1706
1780
849
648
1535
917
1749
1739
1500
1563
484
1316
1468
760
1030
1379
87
1732
271
177
400
32
1405
481
796
1699
816
22
1126
432
21
670
3
1661
855
2045
674
1700
1330
855
1762
1158
735
1081
788
1765
1158
271
540
1784
724
1087
1062
1968
895
762
1838
1050
812
1120
1559
1797
1382
448
424
1874
1377
1640
1280
443
1886
439
1168
1736
1274
949
1678
721
1618
1482
1681
1699
969
1592
1823
246
1019
1961
1103
423
2006
9
2035
1007
1786
621
425
1536
1299
1709
313
1716
1309
1471
124
1627
22
746
721
781
236
448
1536
1460
148
1040
1826
714
404
192
1219
1271
496
1314
945
2044
1691
459
1043
1934
1506
300
1549
1108
34
616
778
570
367
595
37
1498
747
961
1543
1200
1164
160
900
952
1414
770
1221
628
861
747
1110
1108
214
151
1221
821
221
250
1753
304
1878
1401
877
1041
1184
264
1059
1161
600
492
1722
211
879
569
888
1740
1325
1019
39
1485
741
738
1130
1980
1898
360
1423
1316
1295
393
295
1652
1379
919
292
2043
523
56
1313
1001
400
423
260
1876
193
304
251
1394
1470
350
342
153
754
10
1046
140
482
61
88
214
1405
1405
32
1090
216
412
1022
1565
1574
948
199
1990
1176
418
898
2002
851
978
98
1319
1125
1253
1079
1140
1029
1419
58
1462
885
181
1900
921
150
95
944
1686
1971
1255
1251
1848
1877
1979
1699
703
1931
1542
1782
900
1454
1186
1362
769
706
1259
1103
1132
1083
938
1981
1379
1493
192
1423
1101
1497
670
1352
1603
1657
452
903
891
1237
484
2010
357
371
62
532
1073
1330
227
1762
193
584
1005
645
170
882
341
2040
519
349
460
1158
1758
2032
1215
543
260
263
1485
117
1997
551
1842
1718
1537
3
1479
1394
1844
1076
857
635
685
1381
1517
264
1966
554
1594
1889
789
1977
2037
1056
1972
1978
1959
1944
554
1046
195
144
1793
848
1245
484
2012
1459
1931
312
733
636
1270
2035
1240
1393
182
1415
1863
1838
1294
361
1644
1379
162
1755
1672
1383
1112
599
1363
1066
1836
920
1494
1813
1070
1553
1789
146
1596
396
1116
1279
391
434
1794
740
1820
747
303
648
1401
1817
536
1371
55
1115
1345
851
1236
694
41
835
1802
1659
669
901
760
1269
648
411
1799
1852
1547
1326
1388
1855
1471
990
344
500
2047
455
1334
1932
654
90
1044
108
506
186
1551
1423
911
390
1445
581
416
1200
342
283
658
414
14
17
621
794
1819
1197
1401
1144
1978
103
786
412
701
1560
1228
1838
2017
722
852
1307
520
849
386
120
675
534
621
125
1775
430
1548
140
1156
804
966
1387
440
413
522
555
1989
1442
1073
87
494
1737
446
376
912
1506
181
709
477
1178
546
589
1720
825
1477
1210
605
1056
1190
374
239
644
667
192
1082
359
1397
398
1444
763
646
612
918
1893
1954
1609
195
1477
1752
729
1056
783
290
1335
1572
976
1744
1437
1187
662
1190
1908
650
144
1684
491
1642
290
412
1255
1626
1332
853
204
17
47
1254
35
1440
1047
1833
1743
1056
783
142
481
347
1978
2008
358
374
662
1190
1908
1714
166
1448
491
1419
445
1428
692
1626
1332
1586
204
973
1484
1254
422
2032
1140
970
396
1056
783
290
1736
347
825
2008
1210
1992
662
1190
1101
1714
644
610
200
1642
1490
1406
1255
525
1353
1586
724
591
569
483
1312
1440
2043
1752
1544
1056
1178
546
267
1572
1433
1744
1437
374
1048
709
1101
1204
802
851
1978
1829
1100
1406
692
1626
1497
804
1423
973
899
483
35
97
1140
1752
1544
1056
1178
546
267
1572
1978
1648
739
1542
1048
709
1527
1146
853
851
1978
646
983
808
851
1067
1458
717
33
777
47
1388
422
983
1047
1752
1544
1056
1178
546
267
1030
825
1533
739
91
675
1190
812
1146
1653
851
271
1419
1736
1428
692
1067
1353
1586
604
847
1760
1309
35
1440
332
1833
175
1056
1178
546
267
165
825
1648
1134
91
1056
143
812
1430
144
667
271
251
1490
1428
1255
896
1332
1586
142
591
47
1309
1160
97
332
1833
849
1519
1697
546
1335
1443
43
1648
1972
1992
1890
439
1912
1714
644
667
1029
1829
290
1428
610
1667
1497
717
604
1664
1760
1388
422
1999
905
904
