1049
811
373
97
1019
165
1871
1665
1106
91
662
326
812
838
1653
1942
147
646
290
1853
423
507
634
963
142
1591
133
1388
1252
907
489
324
127
811
1559
164
1335
165
1978
1868
739
605
675
326
1974
650
853
206
1718
1139
1672
1148
692
908
466
1277
1730
1580
1547
1528
100
2023
2043
762
1880
91
1400
97
457
1572
825
1477
1134
1389
1458
709
1736
2043
1628
1594
32
97
2015
522
1411
1897
634
1774
204
17
1893
1954
58
889
905
1256
972
91
1029
546
1335
478
326
1648
491
1641
675
439
1974
892
1844
241
1316
1419
1206
522
263
507
1458
1929
1110
1291
115
906
941
1440
271
1417
972
91
1178
97
306
1350
43
1648
1134
1802
1048
619
1912
1112
166
1448
1899
1829
1017
1406
1908
1953
1353
1774
792
1340
190
1458
559
2032
1140
722
972
91
1178
290
267
1443
825
1648
739
91
662
516
745
892
802
1189
1899
911
655
1853
1133
1809
1353
1586
711
17
1760
906
35
2023
271
492
1799
1519
527
135
143
1819
1234
1190
1134
1612
626
68
618
1527
1144
1256
435
963
400
1347
11
407
952
1216
2044
412
7
1458
340
1637
1798
1183
1268
2013
1248
1687
616
1146
481
913
1459
440
1058
1236
1660
593
1197
391
975
606
1264
1871
1755
1110
186
846
313
636
1687
771
1792
611
1289
1241
65
206
556
698
563
1162
1845
669
1642
571
18
1278
1147
824
1487
1844
1045
1972
868
561
758
1630
1668
206
35
40
282
1276
1411
1448
1607
156
1021
967
558
758
135
197
1755
1832
1859
1793
1305
309
342
26
1684
145
380
1378
138
0
1461
1290
807
932
1718
191
1668
902
1017
577
1863
1296
1021
281
1818
767
735
648
1527
469
1800
1038
1497
900
203
545
1842
1575
362
294
700
1464
1597
834
238
1823
1943
9
417
1608
1715
719
1768
1235
1513
1192
2018
1666
1933
1279
462
1572
462
1777
47
1192
705
322
705
1450
811
360
1721
1882
590
976
301
310
1943
1949
1045
185
455
844
1930
458
1530
681
838
530
712
1557
1009
1415
816
1339
566
1363
1508
613
319
988
1495
598
1182
1026
1441
1795
1252
914
934
1259
1429
295
1834
830
1664
162
1536
858
1001
1792
346
1041
665
1717
5
1497
148
1756
1774
1156
1716
1082
341
1578
1103
1546
653
661
1677
326
168
164
1483
128
1355
366
367
1450
750
1026
1297
597
1226
1106
908
458
1275
1013
869
1422
200
734
49
1961
346
1791
1727
757
1799
309
407
798
250
1471
1660
1547
395
87
1705
467
1109
519
1758
188
280
443
1352
1467
869
1089
150
1161
60
1125
1622
712
598
672
1457
745
1677
437
1651
1235
658
1886
578
811
910
1577
1590
198
443
1566
1796
1675
474
331
1735
1757
651
1580
1621
151
680
209
580
882
753
91
1308
1154
564
3
636
726
171
883
1104
1907
344
536
1311
1522
442
594
287
762
338
408
2016
1008
1586
344
1760
982
1137
93
1262
1201
668
1100
1211
1410
1940
1904
241
234
502
1433
540
1159
183
1042
832
1105
1932
746
558
696
1667
238
940
989
939
659
499
1433
1200
58
797
587
1124
1708
1492
480
664
697
652
1617
696
1478
769
1238
1777
474
1418
1684
1437
746
1131
1773
1099
1493
816
1832
1017
2044
1128
690
1041
1163
123
1513
515
878
369
915
1117
1142
1503
503
360
351
1666
869
506
1371
997
488
460
1609
162
265
773
780
1440
620
1658
1638
1831
1376
567
877
1999
2041
1099
845
591
969
1603
646
1238
43
1167
462
289
1831
1382
150
886
1025
1414
1225
4
947
1767
1197
1384
345
1531
1525
848
1965
761
1684
1985
218
44
1783
338
314
879
684
1258
56
138
924
177
1414
1288
1164
350
1210
1719
1380
1942
1215
1513
708
628
1239
1411
405
446
185
1345
52
946
65
1443
1657
224
969
556
27
1871
603
951
1869
1058
301
917
1656
1107
754
1186
972
900
767
1416
603
1108
450
17
553
1398
588
700
156
927
281
1634
736
264
788
693
1531
805
1108
1165
575
892
731
429
60
511
723
1353
1380
389
1467
1000
1070
214
1554
1724
1894
1601
1228
1339
1153
209
1840
2046
1986
2005
186
1575
1596
7
600
1982
466
1468
377
956
273
1276
481
1932
1516
1494
689
851
1689
1312
1723
404
1165
1752
1115
313
385
1372
867
1637
1094
1050
30
343
301
709
418
1340
297
1031
1894
1394
1385
840
1510
786
780
873
590
1852
469
206
606
1350
1086
840
950
1889
357
12
1967
757
1123
1846
130
698
1152
1545
567
572
1193
1540
488
1819
1989
971
930
1609
1374
1292
42
1847
1733
450
1426
1451
988
1798
1859
22
864
2044
1651
2010
748
616
1191
1156
717
468
927
187
908
1535
85
1751
1722
235
311
44
1026
1549
1403
1256
110
1252
173
860
830
349
1691
357
1327
833
1799
1713
1310
1014
776
1154
1023
544
715
1524
1538
1659
1219
928
455
1301
1897
1590
546
153
914
135
654
1269
1360
1120
1969
1807
158
707
15
636
1327
1737
1381
229
1976
1352
1642
1001
2043
1009
1727
1765
55
587
1914
946
889
126
394
1620
154
1075
1933
1285
1798
57
233
434
494
1708
1328
1611
426
1486
2007
463
761
839
200
533
1301
1813
1357
2033
1538
837
1828
167
632
1307
520
970
154
1818
1489
2041
1981
1925
1829
465
1063
412
381
1144
599
1250
112
206
88
1366
1205
1169
1704
1485
199
1476
165
1984
1413
1690
357
978
811
783
183
481
165
271
754
1338
374
1028
1857
1523
1943
853
1942
200
1821
618
786
692
1308
1683
1396
699
49
883
1481
285
957
1140
1562
729
243
1697
290
306
1509
1978
424
491
1370
430
640
1974
239
29
1032
210
1419
445
1654
469
1446
1353
753
18
591
569
1254
1312
14
489
1752
396
316
1178
290
481
347
825
2008
1437
1370
662
439
194
650
220
851
32
646
290
1406
1908
525
1353
1086
1423
17
1484
1388
422
14
1047
1752
396
243
1559
290
267
1572
1978
1665
1437
1542
1165
1190
1527
1714
983
241
1050
1419
1736
522
692
1897
1497
1774
204
17
569
951
35
97
489
1833
1544
243
1559
546
267
1030
1978
1533
739
1370
1740
709
1523
239
853
851
32
1419
1736
1406
692
1626
1458
1774
204
973
899
1388
422
1440
489
1562
1544
1056
783
290
1736
347
825
152
1210
1389
118
1190
1908
892
1628
610
271
1642
1167
1406
263
507
1353
717
142
591
1538
1309
1995
1440
1657
1956
1544
1056
783
290
1736
347
666
2008
739
374
1056
436
812
650
166
667
32
1642
618
1428
1255
1067
1497
717
1423
973
47
483
422
1688
2043
1833
1934
1056
783
290
1736
347
1978
2008
803
1992
1056
436
812
1204
853
610
1050
1642
1736
1428
1908
1897
1353
717
724
17
899
1124
1160
14
332
1562
1934
1056
783
142
481
165
825
1744
803
1146
1028
709
1736
1714
802
610
200
1419
618
1428
423
1626
1332
717
33
17
1760
1388
1034
1440
427
1562
175
1056
783
290
1736
1572
1978
1744
1437
374
662
1190
1908
1146
220
1448
1978
1419
1736
1428
1908
1953
1497
1774
204
847
1538
951
346
2023
427
1752
849
1056
1178
546
1335
347
976
2008
1210
1146
662
436
194
113
983
851
491
1829
1736
1397
1908
525
1497
853
142
591
1538
1309
987
14
332
1417
818
1056
457
164
481
478
1234
2008
1134
55
415
1190
1908
1204
885
1594
271
1419
1017
1402
692
1308
1332
717
619
973
47
1254
987
1447
1412
1956
818
1056
1178
142
267
347
825
1477
739
91
662
709
1527
113
166
1732
32
1642
1410
1853
1255
507
1353
1586
604
17
569
1309
422
1688
332
573
818
1056
1178
546
481
347
825
2008
1210
1992
1048
253
1523
650
644
1448
1899
1829
983
385
692
1626
1497
804
18
591
1893
1388
1160
2023
332
573
758
724
199
1387
421
93
1147
807
1725
1892
320
183
1625
1155
1537
572
1391
35
387
869
1345
821
1404
327
148
684
1357
588
363
194
822
1029
1913
1985
1889
1235
939
1750
1519
1627
1388
1193
856
1255
348
385
1841
2041
906
1457
1937
824
370
111
406
1792
2013
1780
6
1205
1564
970
1956
1248
331
1652
97
1311
1555
257
1670
969
1169
1477
1063
2007
111
1236
242
1302
254
1271
1989
1752
980
653
1576
819
1234
1854
1921
548
630
689
877
1992
307
1893
158
1516
706
1845
1964
634
1621
421
132
1384
1826
1837
903
1574
1871
1785
429
196
1289
1750
1917
170
1723
1938
1154
233
1476
1838
1559
1436
722
1304
1181
1750
921
214
957
1700
45
1319
1686
658
1215
995
1389
1480
3
1791
181
1317
866
160
1538
861
630
1225
369
1784
388
274
1314
978
559
546
1880
998
1782
66
392
1318
499
2039
1615
230
978
2033
171
1318
1933
223
1871
871
1528
190
1386
1329
10
889
1096
1024
413
1148
46
61
483
723
1348
1396
1813
1264
570
1198
938
452
1407
1652
1811
1312
175
902
85
1618
246
313
755
1120
1502
510
1448
795
1800
1041
337
1423
440
907
1921
628
207
2043
433
1024
790
631
1752
75
800
1934
1437
2026
389
1807
515
586
246
217
963
287
1401
1334
191
1888
99
776
1359
1781
1132
504
1385
1077
756
285
1390
432
1725
906
1530
1603
1957
1008
635
380
48
1192
1585
1633
1256
536
1324
538
958
1037
1448
150
1418
941
1552
75
1508
1757
785
679
1635
2024
1305
1813
1040
952
1474
1087
259
1293
1564
575
1666
455
1627
807
484
580
1173
550
537
367
1346
56
416
571
595
920
1877
277
903
659
96
1542
1437
1982
1832
458
342
811
1471
1231
1940
1475
1087
755
370
1217
1630
1359
1100
341
2012
570
1455
759
1687
657
113
804
2015
966
1932
1452
1666
925
586
1929
674
1332
1958
2029
448
897
1266
490
1951
1628
741
424
694
419
1785
1769
668
1227
1887
1626
944
177
831
42
952
652
1050
1341
1787
1340
1808
2018
897
632
1955
2029
993
214
328
984
550
1473
1198
713
819
1465
1883
1105
905
1634
239
1276
1902
1651
962
1033
1487
365
1213
1405
1701
1473
1911
949
289
943
520
744
586
180
1159
948
550
1327
292
451
171
1346
1722
20
1532
595
1940
1770
1145
2017
897
325
690
1848
530
1140
433
84
911
1692
2045
1024
2024
2013
1647
1800
1280
1882
1053
1148
136
1605
1066
424
853
1695
305
514
320
1954
935
36
709
1523
1397
1442
440
721
874
967
706
116
1730
1169
1724
969
1385
1463
729
585
874
1469
1596
794
1421
1630
324
1718
430
829
1609
1568
497
621
625
1789
1301
1456
429
639
238
83
198
1637
1084
578
1691
869
1193
1838
1431
1165
1568
592
1064
922
25
915
680
212
95
234
1450
844
1600
808
142
1227
202
797
455
546
1588
552
377
17
1513
2031
1420
264
971
787
232
1423
1401
1856
1408
869
244
389
287
444
1461
1683
171
138
1136
474
63
599
898
503
272
1112
1580
1737
864
737
305
366
641
215
1998
204
381
961
82
811
1049
1535
1662
33
427
1360
482
662
195
1545
1141
1265
1122
1760
1085
1157
2045
859
1525
1063
1253
475
733
1364
406
465
602
1154
891
337
1776
309
1683
286
804
1453
266
342
1792
109
5
1288
790
1934
1115
1199
922
110
160
142
1201
1368
1529
207
62
1599
1881
1983
248
1681
2022
1553
1119
73
914
390
1416
298
1947
1031
53
1625
275
401
651
115
685
1702
1302
113
221
250
1746
881
223
1401
1799
1607
1074
597
470
417
141
1771
784
1428
1927
1687
611
1023
66
181
139
17
1932
366
1404
1068
541
1087
1124
1263
811
1557
1558
1799
32
1708
216
1246
839
1097
1243
1178
1812
1587
429
98
906
1804
601
387
524
2001
1952
1803
498
1721
749
208
1710
1877
1005
957
150
1209
1195
288
850
1239
625
182
1722
1513
658
1449
411
1007
1293
1972
670
1048
546
1095
547
1612
541
6
1462
110
997
1791
1047
1895
1113
226
2040
84
1051
1243
1856
447
127
1633
40
231
499
1553
10
1843
482
915
1441
1166
1573
964
1340
47
479
52
314
552
1193
911
1878
224
95
1282
1803
1192
1153
866
1715
776
1351
1483
1222
898
1385
1848
1815
630
1274
784
660
1038
486
1162
973
363
190
710
24
902
145
1720
761
297
245
858
683
558
61
367
1196
1661
964
854
1405
1368
1922
1726
601
1630
1938
1741
82
1980
961
25
1153
1526
1399
1515
109
1505
866
1031
321
1636
1718
868
587
116
740
1866
740
1019
862
631
57
678
732
1111
1474
388
1379
958
332
565
1319
1649
378
861
105
1839
1468
626
1603
51
1521
808
1281
1114
299
1341
1052
872
290
2040
1203
640
261
1196
1851
978
1552
211
1589
247
1943
2035
1884
1755
1088
1336
376
305
462
868
555
804
1573
1606
1485
28
731
523
906
1528
1739
1362
71
1968
1519
966
544
1269
401
1501
1237
927
1269
1111
1347
1593
731
398
1939
746
1358
373
1607
1503
718
1470
2009
1997
1034
1046
1811
234
653
62
1195
496
1745
48
683
863
1586
879
382
409
1804
907
1697
202
1720
1761
1987
1756
1576
601
916
729
247
603
811
984
2033
1688
451
1050
1718
512
415
295
905
585
938
558
1669
1957
1152
725
576
1831
484
242
206
898
108
1908
547
803
1117
579
1332
2001
407
1685
1602
1501
948
456
1420
1198
1106
633
633
1253
1176
88
957
1379
58
259
1597
590
858
1626
638
1884
796
619
217
2031
459
340
466
369
1998
1983
205
1784
1685
1464
1233
1514
1941
890
1271
62
554
1027
480
1864
788
1275
649
500
1215
212
1768
265
28
1480
886
1345
1263
1330
389
1787
1575
1489
205
1093
718
1435
1077
259
1806
133
228
1405
446
1610
105
1405
29
1143
644
365
400
1280
1780
1241
896
853
120
1411
98
906
223
117
26
1082
797
811
1029
1652
351
1443
43
1665
1972
1992
1740
253
228
892
853
1594
1413
151
1167
1406
1405
1897
1680
977
1691
2031
47
1458
170
1464
456
573
729
1056
783
290
1335
165
666
1744
803
1542
1028
436
1123
838
983
610
1978
1419
290
522
423
1897
950
179
204
1446
1760
1388
1995
1440
332
1752
396
1056
783
290
1335
555
1044
1648
803
1992
1056
1190
1101
892
144
667
200
646
290
1654
423
1626
1453
1586
33
17
1760
951
422
2023
427
1082
384
433
14
35
819
105
1752
1173
1217
62
181
1365
1030
265
1691
743
1488
1251
1017
212
1908
924
749
1067
1033
1291
1847
1879
981
1463
482
1209
