1049
811
1626
390
1335
555
1044
945
739
91
1056
1190
1527
650
644
667
147
1419
1017
1406
423
896
1497
1086
1033
49
1484
1388
1995
1447
1140
1417
127
811
1178
290
68
347
1978
1533
1437
374
1048
1383
812
650
853
1732
1718
339
290
1402
1297
1667
1683
1774
619
973
1484
1593
1995
1999
475
1549
1880
91
783
290
481
1443
666
1744
739
374
1740
326
812
113
1653
1942
111
646
1100
1402
1255
1953
1458
638
33
591
115
1124
1930
2023
271
1752
972
1050
783
142
1335
1443
1433
945
1210
1542
1048
1190
696
838
166
1942
271
646
1923
1853
692
1953
1497
717
810
973
1893
483
987
1440
1047
1718
972
1056
1178
142
1335
1350
976
1648
739
1187
113
760
1123
1112
1653
851
210
1419
290
1428
610
1067
1453
1774
204
17
569
1124
422
97
2043
1562
1799
1229
1501
546
589
1440
1234
945
836
62
415
36
1123
1184
214
1325
1226
646
1100
58
1487
873
1009
1004
1730
433
1893
1715
66
77
1196
216
1425
1638
592
969
1514
1244
43
1030
1161
681
1787
1112
1615
293
757
862
1796
1980
88
1451
382
1470
172
688
132
1029
1441
1903
1198
1877
1013
921
420
1703
410
983
895
1848
1788
264
409
1276
195
144
1326
1347
1868
1385
862
1021
2023
708
210
279
638
1063
914
1070
392
753
319
2019
1578
1751
1848
142
29
438
454
1211
1103
365
429
562
813
1238
625
1939
803
1823
679
1333
695
1820
2014
1649
877
1088
1148
366
439
1988
1684
1815
289
197
1944
752
730
483
859
1258
939
303
1899
941
1734
1014
1766
130
1385
1446
1536
783
1965
1782
247
1495
614
943
50
893
1219
1719
1564
254
1643
1251
328
265
1265
1805
1632
578
1389
230
608
2022
1736
1329
647
353
1502
980
715
1740
1970
651
1273
1144
782
354
1454
111
2035
1576
1840
142
1882
810
367
79
422
1177
867
1145
689
1557
324
1430
353
1417
995
468
865
896
146
1059
1163
1910
120
1211
468
1782
282
930
873
1932
1751
1139
1639
1589
244
167
1998
956
385
0
1358
1949
990
1293
373
2005
1260
2021
615
1222
61
1110
789
1456
1288
281
965
1241
270
122
237
1265
800
1945
370
463
1959
273
251
501
334
110
470
1203
1256
4
126
19
1719
845
2025
583
584
1513
1622
1582
1629
838
1089
1262
1237
188
17
270
1618
203
1886
733
1959
880
109
488
260
445
826
1912
1188
1406
1928
67
502
1617
857
1813
1441
1975
1741
1558
787
1865
1858
1892
315
360
1191
1930
368
627
1102
170
591
1992
1775
1570
1402
63
1424
704
1023
1151
1418
1654
626
910
707
1133
486
1971
570
1607
1847
23
1509
915
912
1874
691
1282
1360
1352
155
1600
1404
306
1347
211
22
218
194
328
2009
889
483
341
1965
1434
1432
1170
1409
997
1143
49
1333
1688
417
733
1717
389
1801
1697
1741
1018
874
1354
50
1341
1494
1900
1953
1525
1673
18
1977
1631
1006
1387
748
2019
1335
1370
608
1231
183
1934
234
1009
1876
1725
1357
82
9
994
1325
1155
1007
1695
1729
1649
1108
1695
2006
1020
1811
1299
1621
885
1264
1210
1493
1709
313
1082
140
543
1984
1182
1388
153
352
176
1348
1987
465
155
1169
1753
929
391
1558
776
148
63
244
1070
1592
1142
1281
1423
1618
1473
1846
1904
518
866
1647
25
1478
1259
790
712
1197
1860
1589
501
657
727
1212
1582
1852
172
221
343
251
1521
245
445
363
1009
334
1679
1358
1654
566
439
1217
729
458
248
2003
416
979
1961
1215
1484
1082
265
1773
1621
1487
1325
1650
359
499
1978
1045
1522
1065
1293
1898
1842
1258
445
1724
224
941
151
1565
155
1959
945
867
454
850
1058
13
1275
1833
991
876
572
886
337
886
411
1265
271
393
1590
391
1940
475
1173
101
2031
531
536
1848
8
1173
394
1606
1309
904
1123
1515
2038
874
2044
90
110
1654
238
267
536
1745
1376
603
1022
374
1302
1657
895
840
1718
991
674
325
1153
1301
320
1610
1467
468
403
144
1552
286
1817
783
252
1772
1152
1282
1862
1981
982
192
621
1207
1190
2025
1774
870
1404
899
709
654
1244
825
467
746
1720
1864
887
580
1913
411
590
339
224
908
1492
1656
184
612
798
2029
1242
1536
274
1778
841
295
1864
217
1647
1490
1853
582
24
1007
385
1807
295
431
93
141
717
508
912
1054
700
1365
31
1642
261
1839
1365
707
1386
181
2028
1242
317
900
1518
40
1305
1923
1348
837
296
1442
1241
883
278
106
1917
817
66
829
40
544
1115
327
402
1694
1078
1320
1619
1786
1588
1440
748
1242
1311
126
1299
281
859
516
694
612
1205
238
1653
1074
1131
475
1195
1830
1089
531
707
862
1343
1590
1883
1324
1989
1550
1331
1016
746
897
1037
658
181
386
946
1516
220
1983
229
245
1749
1545
2032
1380
1784
1226
1027
28
374
482
1417
1986
1778
790
1957
561
473
338
890
1189
1498
1757
1157
515
1234
539
963
726
1893
1348
1477
441
1531
1166
1107
1868
1622
1362
1218
79
431
1940
26
1399
1240
94
1489
1843
402
1362
443
742
1164
664
1293
1987
477
783
290
1019
1030
1978
1744
1437
1992
1723
439
1908
1204
1653
241
32
1419
655
493
851
525
1353
1901
18
2031
569
951
170
14
427
1961
666
243
1697
546
481
1443
1978
1744
1210
1370
1048
1190
1908
1204
1653
1684
32
1642
618
1406
692
1953
1353
717
724
591
1538
1388
1995
1440
427
1833
84
243
1697
290
481
1443
825
1665
1437
1370
1048
1190
1123
1714
166
1448
32
251
1490
1402
692
1897
1353
1774
204
973
569
483
422
14
427
1833
752
243
1697
290
1736
1443
1978
1665
739
1370
1048
1190
1908
1714
166
1684
32
251
1490
1402
692
1626
1497
717
724
973
569
1124
1995
14
427
1833
752
243
1697
164
481
1030
666
1744
739
1370
1048
439
1908
1112
220
1684
32
646
1736
1853
610
1897
1353
717
724
973
1538
483
1995
14
427
1833
752
243
1559
546
481
1443
1978
1665
1210
1992
1048
1190
1101
1714
166
1448
1978
251
1490
1406
1908
1626
1497
1774
204
973
569
1124
1995
14
1140
1562
752
243
1559
546
481
1030
1978
1665
739
1992
1048
1190
812
1714
802
1684
32
1642
1490
1402
1908
1067
1353
717
1423
847
1538
483
35
14
427
1562
384
433
265
969
63
695
2010
1996
1288
1456
69
1666
611
696
272
641
1458
1429
290
249
692
1308
576
717
1301
414
260
218
1940
1463
171
764
