1049
811
373
97
481
347
192
568
1106
1370
113
253
1912
717
166
1588
147
911
445
1347
1872
219
763
179
1033
1776
47
483
987
876
1911
573
127
811
1178
290
68
1350
1234
1744
358
374
662
1383
812
892
1628
1588
1531
1419
618
1609
692
1067
1458
1774
2044
128
1707
1388
987
1924
1412
1562
1880
91
1029
546
1335
478
825
1744
358
1992
662
1383
1101
1714
220
851
1978
646
1736
1397
1908
1953
433
853
604
591
47
1254
35
1440
1140
1752
972
91
783
290
1335
1443
1044
1648
1210
1187
1048
667
228
1112
513
851
32
1642
1100
522
1376
1953
1453
1774
204
1704
133
951
422
97
332
1562
1156
91
1178
546
1335
602
1234
1533
358
391
1458
667
1908
113
144
1684
1978
1642
618
1428
469
1809
12
853
204
1776
1707
1124
369
1459
481
195
972
363
1626
290
340
478
43
1551
358
1187
1056
143
1736
838
862
1032
1899
1644
1410
1406
123
859
1009
1396
1226
1776
693
597
100
754
489
195
861
91
1975
1334
340
1170
845
1630
1561
1802
118
326
1343
1112
173
1942
704
1429
290
948
469
219
2008
874
627
1932
875
906
285
957
271
1956
1937
91
1456
1334
420
478
1978
2008
1866
459
1262
640
812
1146
802
1942
306
1419
1288
1609
851
1598
655
74
711
393
133
1845
203
983
1657
1780
341
293
175
400
860
1954
1785
1864
581
231
1318
380
1754
85
1829
295
1099
670
774
529
2
592
781
178
479
892
820
212
797
312
9
1331
787
519
1673
279
37
816
632
1939
1363
1011
830
624
1226
64
1473
186
524
1732
1849
187
83
389
1670
531
1030
171
613
310
1994
751
1220
1794
1853
2014
850
1904
401
173
1496
1152
988
628
1450
273
316
1376
1539
1793
1892
1390
176
732
1522
1964
1960
374
458
1502
759
1591
625
1746
1428
831
1853
228
751
489
773
1611
1865
1781
1839
568
1952
758
662
242
505
1149
1341
711
823
913
683
165
1359
1910
1783
1773
1457
2036
967
1838
759
1304
328
1708
1644
965
181
1629
1245
1693
1169
812
1254
78
1186
1788
1590
1177
2038
1909
29
524
976
399
1711
574
400
1897
1854
516
1999
717
845
1357
121
1609
576
842
1515
1586
1119
552
1841
141
1447
166
446
415
1316
394
1888
8
657
55
1656
276
274
1873
1436
1199
448
1607
1985
1252
1446
24
1339
1668
1577
1220
1402
1188
678
112
1643
282
828
952
1045
605
702
1897
1973
2002
684
1348
1468
1911
1458
1208
1169
594
1099
881
1537
1337
1224
2014
1124
1898
1310
572
1818
1548
1136
517
919
350
677
1178
1928
152
492
783
1463
183
1530
1372
1351
1624
1446
181
100
1182
1481
384
1400
293
1985
585
1201
1855
1620
223
401
835
1173
142
1419
1323
163
1669
204
59
1558
486
641
1673
1861
438
600
73
399
1666
1538
474
763
328
2033
1610
39
427
1269
555
1432
66
704
1724
1466
1433
151
1361
399
1868
1644
763
710
1976
236
1983
506
229
326
1050
1772
1976
1
941
514
195
774
129
1946
138
1019
1788
95
438
19
293
416
891
1296
1660
1018
1209
15
1847
1949
1084
197
858
1205
718
1607
188
1293
786
827
957
1718
1878
675
1895
1157
1446
800
1990
743
29
1505
1406
110
2029
540
1014
600
918
1227
596
963
1054
1331
1492
637
1025
1936
1217
848
1240
1093
1523
1344
1711
1573
792
310
1144
1452
1990
582
192
1993
226
1076
1844
843
1271
1699
953
630
1274
305
1075
1006
679
672
1046
980
159
236
1465
1901
1374
1937
905
1228
1393
1437
774
914
753
319
190
1977
1079
359
1334
1962
657
1866
65
1819
1497
592
30
150
410
1613
130
1130
228
1116
1278
1093
1300
1256
1323
321
1099
733
88
167
1914
108
908
1337
425
399
1383
1991
259
776
279
1482
1610
463
137
1000
1489
1125
891
141
1462
1427
1476
1746
350
620
1688
1574
284
591
893
1363
1596
249
1697
1141
1649
62
758
196
681
428
1369
1732
1966
890
1071
467
343
262
1001
1965
1932
873
1883
1094
1775
1534
1271
791
121
1150
450
1318
1281
1619
228
1709
1257
212
457
1405
1424
509
873
343
981
71
1544
2005
609
148
601
349
2003
1148
1012
719
385
941
1488
425
1362
1221
679
1925
1236
1313
1686
1756
122
1123
158
611
792
1954
440
1319
534
180
2017
238
395
320
1150
1347
1650
1918
1332
840
692
286
1447
424
1693
932
1894
1510
1276
424
1132
921
726
1727
749
2007
932
1793
803
659
1130
1646
1303
621
813
1201
678
1737
1039
73
1758
298
1109
498
27
1211
1637
1053
1346
1323
1179
638
871
49
274
1063
373
343
960
383
1068
979
924
207
1577
631
569
883
1506
1648
99
1460
720
621
1425
332
651
219
1736
561
547
629
99
1021
332
1004
578
800
1651
1524
1880
1297
702
1182
1930
1233
493
809
827
1856
1867
63
671
1244
1618
1419
1126
16
1816
741
398
26
1449
1281
1021
1181
800
1878
303
1494
862
1055
513
1442
1681
1267
160
1240
979
1011
202
644
210
292
1257
821
424
1495
2017
390
1146
1411
1429
1479
268
2008
1021
411
1901
2013
141
748
1617
823
210
1159
1685
843
514
1782
992
1027
2032
361
583
1002
401
1935
1683
165
244
647
1750
154
793
273
433
97
277
1764
1943
179
1644
1644
1572
1979
1685
1780
632
739
902
939
1108
794
858
653
590
1167
356
1119
1960
65
1541
1954
1835
429
190
1590
295
872
1990
16
329
396
184
1798
373
1401
207
1619
1495
1920
1152
1864
1558
631
592
1799
1097
2034
48
540
1740
795
600
216
1733
727
718
1150
1059
1289
972
497
167
874
614
398
231
225
1150
206
1220
1648
475
889
1800
669
87
824
747
1036
1038
886
727
760
1380
1241
461
749
481
1567
999
1289
760
6
770
378
523
1973
107
1764
1661
1219
579
516
1184
1441
9
1645
1757
69
1115
1154
380
1211
1577
1318
999
194
2035
2010
13
1615
1796
709
669
1178
546
481
555
326
1744
1639
1802
1362
1729
1527
650
170
501
1789
151
141
1397
1169
507
1404
1929
172
1591
1272
49
1065
1947
1120
1960
978
316
1029
142
1335
1443
976
1665
1210
374
1165
1190
194
113
983
667
32
911
1490
1853
1872
525
377
1586
684
973
1760
1388
35
1440
427
1956
1743
316
1559
164
1335
555
1044
1648
739
91
1048
1190
812
113
166
851
1531
646
1736
1428
692
1444
1497
717
724
973
1484
1254
170
97
2043
1833
396
316
1178
290
1736
347
666
1648
803
374
662
709
1908
1146
802
851
271
1419
1490
412
1255
1626
1332
804
711
847
115
1309
422
1440
427
1256
396
1056
783
546
267
1030
1978
1744
1210
374
1048
436
1123
1204
166
851
1978
1829
1736
522
692
1626
1353
853
604
1591
1760
1388
1995
97
1140
1752
396
1056
1697
164
1736
1509
1249
1533
803
374
1056
1190
194
1112
166
1732
1050
1419
1490
1402
1908
1667
1353
1067
204
973
115
1388
422
1864
17
1833
404
1056
783
290
267
1572
825
1744
739
374
1048
439
696
113
214
851
271
646
618
412
1255
896
1353
804
1423
591
569
1124
1995
97
1047
1470
404
1056
783
142
1335
1572
43
1744
358
91
1048
1383
1101
650
29
1684
32
1419
618
1428
1908
507
1497
1774
604
591
1893
951
1995
1999
332
195
395
1056
783
142
1335
1030
43
1665
1210
1992
1165
1190
194
650
885
667
491
1419
618
958
1908
1953
1497
1586
33
1446
1538
951
1160
1688
1140
1833
395
1056
783
290
1736
1572
1978
1665
1437
1992
118
1190
1527
1714
853
1448
1899
1642
1490
1402
1376
1067
1497
1774
27
973
899
483
422
2032
427
1833
818
1050
783
1562
2005
555
666
2008
1972
1389
1056
1190
1736
1112
644
610
200
251
618
1853
1872
1953
1353
1774
792
973
569
1543
1252
195
1047
324
