1049
1515
1567
1562
44
347
666
1665
1106
1542
1165
436
1343
1714
644
1448
147
1829
1736
1428
407
1626
1332
853
1423
847
1538
483
422
14
1140
1562
127
1056
457
290
267
1509
825
1533
739
605
1723
760
812
1077
983
667
1718
1419
1100
1406
1255
1897
1453
1774
1423
591
1538
432
1160
77
1140
762
1880
1056
1178
142
1335
1443
1238
1606
803
91
662
1383
1523
1146
885
241
1978
1821
618
1428
423
1897
433
1929
27
1158
875
150
987
14
1140
1833
972
91
1029
97
1736
1720
43
1648
739
1370
1723
439
1736
1112
144
1684
32
1821
1736
1853
263
1897
1453
977
1423
1446
899
951
1995
1999
1047
1961
972
1056
1178
142
1335
1030
43
1648
739
1542
1048
640
812
113
29
1448
1899
646
1167
1853
851
525
1353
1774
204
847
1760
1388
1995
1820
1412
1086
48
1862
718
405
112
964
1421
1506
331
1723
217
1660
696
565
74
743
571
492
893
228
992
595
248
352
482
412
1995
1687
58
319
735
1417
119
537
46
1304
1182
669
1190
1142
1827
1012
1932
2034
463
1040
1278
371
1330
1618
437
1187
2010
110
518
1948
1875
551
262
2041
1832
444
752
952
1052
1903
774
1518
1000
324
1666
1065
956
1406
206
1481
1853
741
125
1305
1585
612
1647
624
1357
889
18
748
1319
1300
1791
555
39
271
64
281
218
822
1960
1083
266
1070
1473
1327
231
1330
682
261
377
1391
1645
102
1798
1090
613
1529
758
698
292
2034
357
1482
933
1253
500
243
25
1639
124
894
1753
334
645
549
1638
998
2034
911
1217
1124
600
1107
1064
1396
879
1250
343
372
318
1748
1213
73
1407
1870
1701
1369
224
1643
787
4
1018
424
431
851
1045
1255
1523
1821
1846
1450
283
650
275
1548
1986
811
47
1129
1555
585
437
1906
336
147
730
1627
917
1421
219
52
1266
1878
1816
753
982
1027
237
1662
1773
1692
780
1847
1585
1867
1154
191
285
973
1722
1446
1407
1909
1920
1986
91
1406
932
2039
1551
1628
835
1138
328
697
1384
1899
722
994
4
129
1523
1234
1087
1690
1290
1496
1480
242
784
264
768
2038
524
1577
1381
846
1829
1578
1392
814
287
384
417
1867
1461
1642
1085
1732
1302
1721
85
77
900
41
1910
12
829
1963
836
780
1234
817
1825
2002
875
1970
899
1205
385
167
197
759
485
1085
2010
1137
808
1495
1273
214
1476
1215
1157
951
448
1357
798
1805
478
1781
374
121
276
1827
983
1056
583
193
1246
1249
776
1959
830
73
1601
1083
877
36
383
1793
1134
406
422
771
1256
1344
1257
251
727
1268
764
220
308
279
894
1976
325
1561
2026
558
1358
1786
873
1234
1316
1076
390
1243
1398
1027
925
1651
1580
865
251
1306
1258
458
1268
1674
40
1914
1602
806
1276
1820
1898
1906
1322
330
903
245
289
1476
386
1485
1712
1211
1234
882
789
1699
1559
1389
808
359
1923
367
1189
700
815
499
97
537
533
1755
1445
655
226
1905
423
691
1838
516
1151
900
1192
1916
1460
1505
539
217
1959
1302
168
409
971
1100
1855
1275
1409
924
1203
399
229
735
1532
759
15
356
101
1442
96
1559
1722
538
1389
44
1651
552
59
1481
1396
276
48
1881
1807
212
1276
639
544
1179
557
1126
408
1769
513
1255
366
695
253
761
1835
1346
18
1433
1146
1230
1328
1313
113
1199
609
213
1563
1541
477
539
1852
1555
1146
550
1136
761
258
1106
1917
1327
1892
349
245
1126
572
1612
276
1270
1379
304
1127
1904
75
8
1266
1819
1446
860
1192
1407
988
440
10
371
238
1188
1573
1387
647
1224
1329
1248
126
1916
341
1475
445
384
915
533
34
0
1437
1372
38
710
1249
955
1324
810
1936
368
1448
1745
938
1811
1228
528
1894
159
1338
1935
241
1832
1188
1513
555
1533
1431
470
1613
1211
351
1892
1610
610
1128
932
691
1182
1806
1315
1359
61
1269
1167
1258
947
735
1053
1420
492
696
1722
369
1036
470
1352
1450
1762
1479
1021
955
213
496
1357
1546
1412
583
1270
238
454
1007
109
354
691
1842
310
929
760
735
831
1057
1945
440
1558
487
1775
1541
1771
1763
1280
790
2030
215
780
292
1018
944
1796
925
884
1659
1334
275
1844
37
1440
219
1767
1565
683
59
4
1635
154
966
229
671
874
1041
1361
1236
1905
1668
171
464
1378
895
445
1496
83
183
807
926
1292
775
1569
1505
306
746
1200
1768
1031
1067
1366
1521
21
1234
1602
1997
2042
310
1925
1160
342
1382
1876
890
1966
1628
1185
1252
820
1723
1149
1773
97
930
1478
354
1060
542
1748
188
1982
1940
918
1010
586
589
1664
1526
820
1431
1612
1709
1555
681
1068
1063
1603
1209
607
2038
1347
1332
839
1344
1918
1344
1233
2034
938
1156
223
1072
1050
489
1159
1456
691
1837
1170
429
1868
120
1775
1938
1174
986
159
1336
553
706
1692
1012
185
1203
1617
269
0
1301
128
573
757
631
251
1167
856
978
811
783
290
481
347
43
1665
739
1992
113
1605
1527
2043
1996
241
111
1419
445
1406
328
1897
2008
732
1730
591
1847
951
35
436
332
1961
729
1056
1697
546
1736
347
1978
152
1437
1389
662
760
1908
2043
144
851
1050
1642
290
1853
610
1444
1332
963
604
591
899
453
35
1440
427
1752
396
1056
1697
142
1019
165
825
1744
358
1542
662
1383
1101
1259
220
667
491
1419
1167
1668
423
1897
1497
977
142
1343
1484
483
866
1440
271
1752
396
1056
457
546
481
347
666
2008
358
374
1723
436
1101
838
1089
241
1899
1829
1736
1853
1908
525
1332
1004
204
17
1484
1124
35
97
1047
1961
396
811
1178
164
481
347
666
1648
350
374
1048
143
812
838
1628
1942
491
646
141
172
423
1626
1332
1004
1033
847
1484
1309
1334
1999
1047
324
404
1056
1697
142
1736
347
825
1665
739
91
113
253
1084
2043
802
667
929
1642
1490
1668
610
1373
1353
717
33
847
115
1124
1034
195
271
970
404
1056
783
142
267
347
43
1665
1210
374
113
1190
1101
1077
29
1684
111
1642
445
1853
469
1897
1009
1480
18
973
1484
1124
170
14
481
1752
395
1056
457
290
481
1572
1978
1648
1437
980
662
439
1912
892
144
1942
32
1419
2015
1406
1411
1626
1353
1774
1033
591
115
1124
1312
97
84
324
395
1056
1178
546
267
347
1249
1477
1134
1802
1048
439
1908
1430
1653
1448
929
1829
290
808
1255
1897
377
1774
33
49
115
1309
35
14
1047
1209
395
1056
457
164
1335
1030
43
1665
125
1370
1165
436
194
1146
144
851
929
1829
1923
1402
692
1626
749
1586
724
1446
569
1388
559
1260
1047
1752
849
1050
373
417
1335
1509
43
2008
491
1968
1056
414
1974
1943
644
1448
491
1419
141
493
1145
1897
1453
1954
1485
1591
875
139
941
97
660
904
269
309
659
1263
1965
1224
731
793
205
719
2
213
1565
1306
426
892
1921
1633
639
725
64
1956
636
523
242
651
1274
843
2018
618
1086
101
1245
516
655
342
1420
1265
1643
901
75
1442
1738
582
1149
1394
1253
171
1264
1251
534
1436
1304
837
549
1201
312
192
1992
1543
1905
206
864
1167
1245
516
1088
1323
314
92
202
737
660
1909
51
745
794
1751
157
1520
1451
1593
1894
1970
1706
673
40
1975
1223
1416
1267
562
1061
1939
1242
127
1945
1954
217
1959
573
1658
163
1296
1045
567
1486
402
1820
1072
1483
956
725
950
1797
342
71
598
415
1113
77
1416
178
1100
1941
1760
1538
1870
252
1898
833
2031
1336
1219
1292
315
1265
69
295
1130
450
710
1130
2041
1601
884
787
1465
28
1887
1954
846
217
1396
443
962
619
2044
1803
1900
1580
271
1197
1919
1381
1758
363
914
374
1202
591
941
900
979
491
494
484
328
1311
132
1806
1152
204
2037
977
1120
1473
703
393
1465
857
787
808
1281
511
195
1126
272
454
917
1913
150
763
1673
1780
1404
1195
798
1849
286
1247
1249
1606
1429
558
251
1074
787
1025
897
1260
17
306
585
1292
1551
970
2011
1172
784
564
1549
152
1126
901
1248
929
809
767
1364
1511
1926
1470
950
1021
1143
1638
1796
431
304
1106
56
1261
379
1961
721
1547
467
946
1289
1460
1403
84
335
370
1838
1198
1658
256
990
957
1642
1719
1249
1215
1581
307
402
286
1342
1397
499
11
1632
1540
1144
1242
1312
1026
1779
2039
1791
1940
399
842
401
163
1254
220
1699
1299
68
1132
1512
19
5
1522
1119
1683
1654
1688
1600
415
2008
1339
673
707
1314
687
812
772
250
893
733
23
1138
25
1314
1817
1337
293
1727
1730
602
1469
1089
1134
212
906
711
510
340
189
1341
1984
1371
69
699
504
58
725
1668
443
274
191
789
1858
1449
287
1158
1910
1875
1210
1469
1779
624
828
1516
1026
1255
589
1421
1088
1629
145
1714
1545
541
1938
1490
573
2028
1640
1711
320
300
1557
1224
1074
1409
420
730
1808
1294
805
1083
32
415
253
1046
1490
936
128
1642
1501
2031
1901
1943
651
1558
1173
1441
472
277
405
969
1451
1895
91
1476
507
1201
45
2030
1645
54
1346
79
1024
1476
1565
984
2013
1126
531
477
88
1278
342
581
1487
1299
440
1509
974
909
211
332
1451
711
1021
1305
653
217
1997
425
1782
1592
1456
1342
1608
5
376
1449
230
971
1574
1715
724
1675
1496
1359
1469
15
1795
208
1179
634
446
2021
1067
28
1880
1478
191
657
722
2005
559
1635
881
1369
339
7
45
861
1565
1386
1971
1754
1998
1260
46
1386
1509
1582
1299
1457
1210
405
261
291
1940
766
1067
741
837
1545
982
1485
1474
1731
146
1674
848
2007
150
1162
270
747
1477
2044
1989
1750
319
619
69
2022
1285
1551
1916
503
1324
338
205
222
828
2046
664
781
1291
297
1386
185
1753
141
1268
1330
963
1905
1844
561
555
1023
1757
135
684
1301
1243
453
10
1474
206
712
285
1500
1987
866
1323
317
1015
65
1575
1690
1414
399
113
1260
516
1839
1789
1069
2040
1950
716
185
583
949
1714
1450
315
1658
856
453
941
827
1486
2032
729
811
783
164
1335
1572
1978
1665
739
1146
1740
439
812
113
166
667
1978
1642
1490
1668
851
1491
377
1066
142
393
569
1124
1160
14
84
1562
729
1056
457
164
723
317
1249
2008
1437
1802
1028
667
1912
892
644
1588
111
2017
655
1853
1255
525
1494
1586
1758
1325
1570
1458
1964
889
427
1833
396
1056
457
164
481
165
666
2008
739
1146
1048
709
1912
1204
29
851
32
251
1736
1406
1411
1067
1332
1586
724
973
47
483
1995
97
1047
1752
396
1056
783
290
1736
1030
1978
945
739
1992
1048
1190
1101
892
220
1684
32
151
290
1428
692
219
1497
1586
724
973
899
483
422
1688
171
1549
404
1056
1178
142
267
347
666
1477
1437
91
1056
709
1912
838
983
1942
491
2017
1167
1853
423
1626
1332
963
204
1776
115
1254
1312
97
489
1961
404
1056
783
142
457
1720
825
1477
1210
91
662
436
1523
1714
644
1942
210
1419
618
1402
263
525
377
1774
33
973
899
951
422
97
427
1833
1934
1056
783
142
481
347
1249
1477
1437
374
1028
709
1527
1112
1089
667
32
646
1736
1406
1908
1897
1458
717
27
1591
1707
483
1160
2032
171
1956
818
1056
783
142
481
165
825
1744
1437
91
662
1383
1908
1430
644
851
1050
1419
141
1853
692
896
1353
1586
1110
494
1538
951
1995
1440
427
1956
395
1056
783
104
1736
1350
1044
1533
1210
374
662
640
1908
650
29
851
1531
1419
1017
1406
692
1953
1497
963
204
847
1538
513
1995
195
427
1833
849
75
457
1712
68
1055
43
152
1938
1389
1176
640
1523
1419
644
1594
435
607
1529
1428
1255
525
1789
874
848
17
693
951
58
77
1823
1956
855
1499
633
767
527
1812
60
942
1876
1085
934
1213
1459
728
1604
40
1614
1603
1568
1824
2009
299
265
1092
702
1705
1470
1093
676
909
1433
1151
337
528
1885
1122
385
184
1824
284
1398
61
522
565
1440
1205
1684
798
1006
228
1078
1122
1653
1087
786
79
1027
211
1349
169
852
1318
708
1543
1299
1106
803
399
215
362
635
447
1430
1846
1770
1268
828
1325
1141
1781
370
811
1678
72
1608
827
1212
1958
1698
1676
610
757
1991
1127
1299
329
1135
837
233
1075
917
1851
1212
1575
725
1109
1566
505
474
553
1908
1439
137
228
762
1594
867
162
1760
781
1531
461
1437
1148
850
91
827
1067
252
679
1549
755
64
254
803
1465
1892
858
163
116
1020
1209
1538
668
1020
568
836
379
1615
836
1966
997
723
2042
1829
770
1234
1288
1152
1922
1580
1270
1950
1442
1068
1422
1251
1679
372
479
847
1345
968
1540
417
1240
464
529
176
1987
1962
279
1568
771
202
870
674
275
701
996
1693
1729
808
44
513
1608
994
1504
1091
356
1005
1431
1410
786
1750
651
494
759
284
747
695
888
631
45
744
480
1446
1880
1492
454
1549
734
1598
187
1854
607
505
882
431
985
1108
1930
318
1062
602
1597
907
112
558
274
1027
324
852
753
1284
769
1300
554
423
1101
33
491
410
863
736
1584
1135
1954
948
1610
273
1760
1218
1904
266
1608
916
341
696
485
1044
1269
778
2007
1414
530
341
1745
449
1964
1301
1837
1737
557
754
1736
2002
303
1506
1868
1407
211
1500
1003
1859
652
1713
798
1287
728
1862
1220
485
1229
664
1647
491
1811
1413
917
366
528
866
521
105
894
179
1525
1576
71
221
1535
470
109
1602
1192
1152
223
1663
281
1738
1751
1580
1534
695
1408
995
1651
2029
1019
181
104
457
499
1984
1017
1929
729
1329
1007
1745
1475
1295
574
1031
1021
419
1187
214
942
1463
1236
1386
1248
1276
183
1796
731
845
905
1016
178
378
281
186
1971
648
915
630
1393
1191
870
66
421
1624
1441
1139
1224
1564
455
952
1311
1101
364
1263
1638
1061
574
753
991
1279
737
923
35
1434
16
1202
1059
1849
832
1224
1971
1045
268
1125
1818
1229
186
357
1706
1708
415
582
1118
672
1372
1911
1402
1122
1833
1306
1052
316
1120
1972
653
33
517
683
1685
1246
250
1801
1010
183
460
1747
1881
1229
269
1312
1711
1014
1329
1636
968
1440
1813
1005
1648
1633
530
133
1774
899
1618
729
134
157
1960
224
1683
958
1569
1449
945
1859
1573
1161
1139
1443
1799
822
900
1797
1630
299
842
1985
1650
1385
1481
1002
2040
1912
1475
1370
357
570
545
129
1163
434
149
730
1531
453
285
1929
713
40
1903
1940
1501
1466
1677
840
87
1457
1177
1501
1731
1458
520
2041
1765
1929
1119
1889
2016
188
1632
1691
54
1192
829
1518
821
2041
65
2017
57
1612
655
205
843
44
1272
63
1718
1440
1853
451
1676
554
1655
675
2010
1983
438
158
1244
1222
321
38
231
611
1026
1692
267
429
20
1571
345
762
575
489
1540
462
1562
1309
487
77
1432
1134
301
1791
84
1461
1672
95
1678
874
1617
655
1803
851
670
1134
1339
395
1932
1893
1124
1483
1831
1216
644
729
1056
1697
546
1736
478
825
1533
1210
91
662
436
1912
1146
853
1942
1978
646
1736
58
263
896
78
1586
1252
1776
47
1254
422
1244
1911
1956
396
1056
480
164
1736
1443
326
1053
1437
1992
1740
709
1527
1146
853
851
200
1419
655
1406
1133
507
1458
1774
142
591
1484
1388
422
1030
2043
1256
396
1056
783
142
481
1030
825
1477
1323
91
1165
640
1523
1204
853
1942
1899
646
1736
1428
692
1953
1332
1586
1758
847
115
483
1995
2032
1047
573
849
1519
666
1450
1335
1739
666
1744
1210
605
1890
709
696
1714
1628
610
210
1692
1490
786
328
1897
1458
717
699
973
1760
951
1160
1063
427
195
