1049
1700
1626
290
1335
555
666
1648
1210
1542
415
439
1123
113
144
851
147
1642
618
1428
1255
1626
1353
717
204
591
569
1388
422
14
332
1752
127
243
1697
290
1736
1443
1978
1744
1210
1542
118
436
1123
1430
853
1684
1718
1829
1736
1853
692
1067
1497
717
724
847
569
951
422
14
332
1752
1880
243
1559
164
1335
1030
666
2008
1437
91
662
436
1101
113
220
1684
1978
1642
618
1853
692
1626
433
717
204
591
569
1388
422
14
427
1833
1031
1211
1697
290
267
1443
825
1648
1437
374
662
436
1908
1112
220
241
1978
1642
1736
1402
610
1897
1332
1774
204
1343
569
483
422
97
427
1562
1031
1211
1697
290
1736
1443
666
1744
1437
374
662
1190
1101
1112
220
1684
32
1642
1490
1406
610
1897
1497
717
1423
1343
1538
483
422
14
1140
1833
1031
1211
1697
290
1736
1443
666
1648
1210
374
1165
439
1912
113
144
1684
1978
646
1736
1853
692
1953
1497
717
204
1343
1538
483
35
1440
332
1752
1492
1211
1697
290
1736
1443
666
1648
1210
374
1165
439
812
113
144
1684
1978
646
1736
1853
1908
1067
1332
1774
204
1343
47
951
422
14
1140
1562
1492
243
1559
164
267
1030
825
1648
1437
1370
1048
1190
1123
650
144
1684
1978
1829
618
1406
1908
1953
1497
1774
1423
1343
47
483
35
14
1047
1752
948
243
1559
164
267
1030
825
1648
1437
1370
118
1383
1123
650
853
851
1978
1829
618
1853
1255
1953
377
1586
204
1343
1538
951
35
1688
427
1956
1104
675
678
1975
25
942
2030
2014
1808
1362
1925
1324
147
1206
1858
702
632
1040
1606
669
1157
449
240
1470
2007
643
2019
1300
1935
743
1338
1851
1736
546
1769
686
920
248
287
1661
627
1319
1217
1769
560
1219
1459
189
716
1992
1202
1192
1534
1103
1812
1976
106
2039
1160
82
374
1943
603
1861
1741
1225
224
1776
1540
1887
1803
1514
1144
1501
1751
1833
1475
1625
1878
1784
1236
1080
1320
983
8
1061
1636
1956
1729
982
1611
1642
918
1620
1399
489
315
905
988
476
540
1498
1857
22
1392
1000
173
306
1841
277
1590
1941
1882
1223
92
1591
1520
1988
414
1786
1562
1431
1991
907
737
974
1323
1816
1021
190
616
1131
1779
1124
1746
1475
724
1528
1962
586
1732
842
237
1871
987
1780
1316
68
1430
574
398
597
86
899
210
299
1946
1717
1124
1000
1801
1419
20
190
710
176
65
328
1011
431
1597
359
285
1515
564
1535
1609
1380
1275
69
631
2015
1077
1315
1249
436
1427
716
117
1730
1996
786
272
602
324
332
299
140
478
1961
1970
736
1786
410
1387
1871
78
527
485
730
1323
1215
4
1814
929
235
677
828
1363
613
1412
1028
1584
381
1386
1193
1588
373
617
88
1715
1817
438
1969
312
1595
628
915
1848
1968
949
1785
1998
1911
1464
41
1393
345
417
1175
1418
860
868
1326
1642
134
651
792
1631
1950
791
1831
1875
2042
418
1971
629
449
1085
15
1021
201
1694
217
1852
290
84
1554
465
730
1551
231
278
730
1066
1013
1056
461
1238
992
801
1929
131
1274
247
782
1344
1873
747
2004
1847
1309
1076
368
1748
1828
1106
1266
686
1947
448
823
301
79
289
910
19
568
212
1888
1980
1613
1135
1081
23
1888
1703
989
1229
878
130
1923
1332
1306
64
535
789
37
1599
128
1444
198
1287
915
407
903
1710
987
1642
1227
1152
964
331
676
1043
576
1940
1501
1553
963
1474
1155
260
1495
487
1729
479
508
1382
1387
741
502
647
1904
263
339
1956
1869
640
173
1095
862
156
1243
1944
639
1933
1438
1804
1875
987
1165
280
1134
65
778
1520
1262
1163
1307
1970
674
275
1493
1295
1156
1685
1625
215
85
1117
588
996
904
306
1453
653
905
324
50
916
2023
361
1246
2002
1246
901
581
278
830
803
890
1438
401
449
0
16
385
543
1322
1645
704
1991
1742
1551
910
119
448
1239
306
1955
1756
627
1632
1910
1931
1612
793
1041
814
774
56
423
760
1633
653
2006
2001
806
503
138
955
1392
1514
1367
1114
642
799
1018
93
822
1331
531
1571
860
381
1609
400
1818
22
37
1950
478
562
829
254
1664
469
1756
1641
1023
1522
85
301
341
1217
1630
1199
1314
1064
1078
1854
1067
918
1622
472
1128
307
1295
733
987
468
1627
385
1320
1824
1975
917
1418
1259
1383
32
125
1763
1076
661
1872
1379
446
1715
172
482
307
1705
636
1104
64
1462
537
1968
1243
1776
785
1802
101
638
882
1454
787
1168
545
1950
231
1403
11
1446
97
874
604
506
1003
579
346
257
1885
1206
797
811
1029
546
1736
347
1234
1665
303
374
118
1190
1912
892
1653
610
1050
1419
407
984
263
896
433
509
604
1343
2034
1033
1930
251
660
1709
844
1597
1016
546
267
317
1433
1744
739
1542
662
760
812
1430
885
851
990
1419
1017
440
610
1444
763
1396
619
494
47
951
936
1440
1140
1417
57
1056
1178
97
1019
165
1433
1893
803
1370
415
253
1908
1146
1653
851
1978
1821
1955
1377
992
1897
646
601
204
1343
1484
1715
1616
251
332
324
396
243
1559
142
581
1350
825
1744
1561
1542
118
516
812
1112
144
1942
32
1419
1736
1402
692
1626
377
1774
1586
1776
899
201
987
1244
1249
1956
404
1056
1178
546
581
1030
1044
1477
1437
1992
1048
326
812
1430
144
1448
1978
1419
1100
808
692
1953
1199
778
2025
973
1538
1254
346
97
1047
1562
404
1056
1178
114
1736
1572
1978
1868
1134
605
1704
326
1908
1714
29
610
32
1642
1923
1853
82
1897
1497
804
781
1291
899
1309
203
2023
905
1956
404
1056
457
164
481
347
1238
1477
358
1187
118
326
1908
1112
1653
851
32
251
290
522
423
219
377
1774
142
591
47
1124
559
14
1047
1833
404
1056
1178
142
267
1569
192
1648
739
1370
161
760
1527
892
144
1448
1978
151
618
1853
660
1067
377
1586
1758
1015
1538
1589
171
77
1140
1833
404
1056
457
417
481
1569
1978
1744
1106
1802
118
730
1527
239
29
1448
32
251
983
1853
469
219
1458
804
1758
17
1016
951
203
1955
2043
573
818
1056
1178
546
267
347
825
1665
1210
1370
1048
326
1123
1204
166
1448
1531
1829
1672
1406
692
1626
377
717
204
847
1538
1388
987
1440
905
904
395
1056
457
164
481
1572
1433
1665
358
1802
1723
439
696
892
1653
610
1050
1429
290
1402
1255
1897
1497
1586
724
973
1893
1254
1995
1999
1140
1956
395
1056
457
164
481
1350
1044
1665
1866
1146
662
143
194
838
214
1738
1050
1642
290
1406
1255
1953
1497
963
204
591
569
1254
1995
14
489
1562
395
1056
783
142
481
347
1044
1477
1437
1146
662
439
1736
650
1628
851
32
251
1490
1853
1255
1897
1353
1774
27
591
47
951
422
1440
1140
1470
395
1056
457
164
481
11
1433
2008
803
374
113
143
1101
1146
29
1942
32
1419
618
1853
263
525
1497
1086
724
1792
1484
1388
35
1440
1783
1833
395
1056
1178
546
1335
1030
976
1665
358
1187
415
1190
1123
1714
644
610
1050
1419
445
1402
1255
219
377
1774
204
847
1760
432
170
1440
1047
1562
818
91
1029
546
1335
1572
1978
2008
358
1542
1028
709
1912
1204
214
851
32
646
290
1428
423
154
1497
804
33
973
569
951
1486
97
271
1562
395
1056
457
164
267
165
825
1648
1866
91
662
667
1123
1146
802
667
835
1419
1736
808
692
1953
377
717
604
973
1484
951
422
1999
1047
1833
395
1056
457
1652
481
1030
43
2008
836
374
113
436
108
650
802
1448
1531
251
290
1402
1255
1897
1353
1774
172
591
1538
483
422
97
905
1562
1375
1132
175
1618
916
735
1358
807
468
1813
406
349
842
206
481
196
1540
995
196
1960
1737
925
1674
1804
227
363
1088
984
1998
66
46
188
1736
343
1720
967
1226
411
834
458
296
92
824
693
1370
1888
1757
152
1729
1294
1560
406
1454
366
1311
1881
864
151
814
1159
1392
1564
174
1838
883
1611
1970
1524
727
1886
474
1720
1871
864
1608
1219
1126
1598
1209
371
340
802
1200
227
182
203
1029
475
1287
833
1361
1093
324
1582
151
1058
315
1193
1897
1212
859
953
157
1182
985
787
1129
1087
1862
1817
1642
1495
1559
131
2042
1227
169
956
21
1935
381
740
1747
720
1825
1378
1901
1506
1021
52
1223
1899
1157
1849
1650
321
462
571
1014
1194
1972
637
940
356
1800
791
1131
953
378
1547
1016
679
1771
1771
1464
324
1544
858
811
950
1882
315
1443
798
701
553
639
981
1489
2032
1501
1695
330
1485
1683
578
206
1486
1236
418
493
38
290
994
1789
262
487
1689
710
619
1535
1638
2043
546
1492
244
1711
1745
677
313
893
2023
520
314
1070
2045
1741
1304
348
346
856
1505
239
878
1103
510
1283
1997
1843
816
1379
1240
1176
1551
272
741
1538
1179
1554
808
747
1508
1526
1479
409
27
1502
1293
1527
1203
2031
1363
1312
702
1016
891
754
1007
1429
928
1748
1771
111
857
1709
1264
1386
402
449
1208
76
1071
604
725
1683
38
1470
1267
1769
841
1078
1739
449
1777
1890
1254
1174
254
206
1426
880
1556
1190
1512
211
1523
624
1301
1012
852
1409
1257
1041
873
1082
63
448
1139
960
659
1043
1539
1420
593
1656
1956
973
25
613
374
250
1767
471
169
414
974
8
497
1700
1031
160
1708
678
1019
810
318
1721
215
1107
850
411
512
1636
149
753
1801
1953
827
853
1264
2015
856
1042
1898
1500
1743
679
1857
725
1391
168
606
221
967
1294
1796
2
1370
1309
1642
835
426
526
1820
1931
1185
125
664
931
1027
738
968
1319
1816
1559
1920
1293
1498
1644
439
798
1777
1302
1077
811
1955
754
1111
1380
1229
1627
1200
1911
768
342
1102
276
419
1067
1930
918
1104
944
1743
518
91
984
451
817
1863
636
931
577
1097
1002
671
150
1617
579
351
1021
239
1144
620
1991
791
84
1247
447
1761
1116
2045
546
401
236
1252
1823
644
1974
206
1828
508
686
745
627
176
734
995
2040
873
1434
1885
1686
706
1032
1914
2022
365
1272
1830
1445
55
1403
1310
220
77
1113
573
221
874
145
668
1445
1280
1246
1074
681
1031
1707
876
133
1764
513
1605
977
895
1821
248
1970
1998
408
1241
1996
579
350
1545
1336
1790
327
1690
769
555
383
703
491
1016
1188
891
1729
1418
85
830
205
1842
1594
729
643
307
1057
79
1572
772
1761
782
744
1476
1434
1575
1757
595
121
834
1154
252
1031
1479
810
154
149
1377
1174
380
272
1049
636
1159
1742
691
572
1097
1577
1418
1860
1304
113
652
1680
912
704
1360
1663
607
170
1687
101
250
1612
2
1918
1715
1803
1688
105
431
1391
1276
978
316
1559
546
1335
165
1978
945
1210
1146
415
436
1527
113
144
241
1050
1419
1736
1428
692
1626
1332
804
204
973
1760
1388
1930
1440
1196
1833
729
1056
783
142
1335
555
976
1648
358
91
662
436
812
1714
644
851
271
1419
655
1428
263
525
1332
804
33
847
115
1388
1930
14
427
1718
396
91
783
1477
1019
165
666
1648
739
91
1325
640
86
1634
853
1684
1531
251
655
1406
1255
896
1497
1774
724
973
115
1845
35
2023
989
324
1544
243
480
290
1067
1443
1238
1053
803
1187
1740
1190
1101
1146
144
1448
1531
1829
290
522
469
1067
78
1586
204
591
569
483
559
436
905
1508
84
243
1697
164
481
1030
666
1665
739
1370
1048
143
1908
1714
802
667
32
251
1490
1428
692
1953
1353
1774
1423
847
569
951
1995
14
427
1833
752
243
1559
290
1736
1443
976
1665
739
374
1048
143
1908
1714
166
667
32
1642
1490
1853
692
1067
1497
1774
604
847
569
483
1995
97
1140
1562
752
243
1559
546
481
1030
825
1665
1210
91
1048
439
1123
1430
853
610
32
1642
618
1402
1908
1953
1497
1586
724
973
1538
951
422
1688
1140
1833
752
243
1559
546
481
1030
825
1665
739
1370
1048
439
1908
1714
802
610
32
251
1490
1402
1908
1953
1497
1774
724
847
1538
951
1995
14
1047
1562
752
243
1559
546
481
1030
825
2008
739
1370
1048
436
812
1112
144
1448
32
251
618
1402
610
1067
1353
1774
204
591
569
951
422
1440
427
1562
752
243
1559
290
1736
1443
976
1665
1210
374
1048
143
812
1714
220
851
32
1642
1490
1853
692
1067
1332
1586
1423
847
569
483
422
1440
1140
1562
752
243
1559
290
1736
1443
976
1665
1210
374
1048
439
812
1714
166
1942
32
1642
1490
1402
423
1067
1497
717
1423
847
569
483
1995
97
332
1752
948
243
1559
164
267
1443
976
1665
1210
374
1048
439
1908
1714
220
610
32
1642
1736
1402
692
1897
1332
1774
724
847
1538
1388
35
14
1140
1833
948
1056
783
164
267
1030
825
2008
739
1370
1048
436
1908
1430
853
1448
32
1419
618
1853
1908
1953
1497
1774
204
847
1538
1124
1995
1440
427
1833
948
243
1559
290
1736
1443
976
1665
1210
374
1048
439
812
1430
166
1942
32
251
1490
1402
423
1067
1497
717
1423
973
569
951
1995
97
332
1833
948
243
1559
164
267
1030
1978
1665
739
1992
1048
1190
812
113
853
851
32
1642
618
1853
1908
1067
1497
1586
1423
847
1538
483
35
14
427
1562
948
243
1559
164
267
1443
976
1665
1210
374
1048
439
1908
1714
220
851
32
1642
1736
1402
692
1897
1332
1586
204
847
1538
483
35
14
1047
1833
1375
287
1325
2021
1223
224
1768
246
941
1510
405
322
1287
1756
1743
1203
1747
1630
228
390
1725
1681
357
1517
16
290
1035
355
1795
998
1964
1667
927
1659
99
321
1467
219
2013
1565
102
529
555
925
1394
818
615
466
1515
528
944
910
279
1142
1990
1355
1832
1450
894
2037
1445
465
543
1691
1741
68
382
1287
1610
419
1855
1567
1886
1145
1490
237
1706
126
961
305
48
1291
1881
665
296
1031
606
1817
1800
1041
743
1523
1941
1624
813
360
1741
1855
305
1061
64
918
939
1657
47
1749
279
266
146
818
2011
50
1713
1837
271
699
2000
985
1672
1587
1676
1182
1710
851
1526
1681
1737
2013
31
614
1797
1866
1957
1694
1927
1009
622
933
1182
1024
1037
119
2035
512
536
998
706
269
108
517
139
1672
1311
1724
463
1754
1194
1575
514
1177
432
1622
162
214
534
1425
1940
483
1433
884
457
778
1116
1008
1941
477
945
1071
1397
1576
652
181
405
727
1983
259
717
533
742
1619
1747
1586
2043
679
420
475
704
304
1037
445
603
392
591
2013
717
872
192
1852
700
1886
710
1090
1366
834
241
1016
1176
1812
179
1246
1497
403
1965
777
726
398
1317
1994
1806
590
1085
1178
1401
1287
284
1947
936
1559
1163
1707
1060
323
1251
1502
835
403
287
266
1191
693
837
1834
1119
1910
174
1360
1386
1193
813
1458
2017
700
1744
1594
413
1154
1527
1316
649
1083
1262
1400
1303
1543
690
1499
976
1432
2006
1139
1058
748
117
1418
1257
1799
2009
381
651
36
3
154
519
734
1834
1723
724
276
1886
880
1888
40
968
864
699
1373
242
1359
1942
1519
291
810
761
1041
847
475
645
2001
1202
443
828
369
178
1352
1992
480
1698
1804
1557
1443
987
1250
899
319
1818
77
702
608
846
1371
1153
1304
330
1612
1756
1882
2018
531
2024
626
1802
226
1040
620
88
886
1401
574
1667
1890
1965
415
1667
100
420
1275
252
675
2015
831
764
230
7
587
1247
241
134
1559
1132
982
1912
529
1991
36
785
1024
389
1304
1093
173
492
373
1637
1254
1915
1977
536
402
1512
1146
733
1117
322
799
1336
1641
1686
1088
739
333
485
1296
2037
365
1544
1949
1966
1283
839
948
742
1879
187
1655
1198
910
935
1509
1775
626
923
451
524
457
65
769
278
1860
620
1355
1177
1601
524
1515
742
952
1231
1828
1384
230
1227
1837
232
4
60
500
1864
703
318
1957
273
963
849
860
1577
891
339
188
1301
1740
1727
1969
366
1605
1467
957
1986
794
1431
280
1256
1990
1790
361
202
1391
1214
1785
1805
170
800
1491
1590
1887
686
1852
1837
1291
954
146
1135
111
1118
361
1678
721
286
1785
1820
1374
1406
1865
544
1958
1268
1891
826
150
1548
634
1357
1837
174
559
1699
1681
1505
1641
1060
1441
1014
551
854
1678
1561
19
35
2047
1152
474
1485
445
602
1563
966
204
1955
720
1026
1279
1969
1608
70
1673
1673
790
1855
1431
237
1423
1334
131
1127
1167
842
572
1413
1005
969
1393
1301
695
1078
1726
1176
543
1197
204
447
1066
878
197
1008
1071
873
184
548
1740
247
1684
1141
351
1258
1203
710
1617
20
1088
1460
1415
210
1178
1246
366
1556
276
806
1453
643
296
1767
132
1026
1743
276
1142
1944
1628
1947
1189
1164
1790
1793
1608
1584
1895
1298
1026
1575
892
1660
1524
1969
140
886
1705
862
1324
1112
235
643
1450
1479
1152
1150
1838
336
1322
404
1097
284
570
492
535
1377
1001
1289
1944
724
1971
251
950
1075
709
1679
720
1831
684
716
119
1643
971
56
713
3
1004
1889
1289
397
1000
90
532
2028
1663
663
1044
631
1152
1065
1603
942
1961
953
24
1867
702
761
719
1159
1942
2019
83
1035
1194
1640
463
265
1620
1540
514
587
568
356
1211
1550
1941
1036
1904
179
1224
1993
607
1741
1433
968
75
24
296
784
712
421
240
66
1218
1528
96
978
316
1178
546
267
555
1044
1533
1866
374
118
436
194
1430
1653
241
200
646
1736
1402
423
219
1332
1774
142
1343
1760
1715
1252
1440
1706
1348
729
1056
783
142
1736
165
1249
1665
358
374
113
326
1736
1430
1628
610
1050
1829
618
1853
1255
1067
1458
74
33
973
569
1589
422
195
1196
1562
396
243
1559
546
267
1572
1978
1665
1210
1542
1740
709
1343
1146
1653
851
1978
1829
1167
522
1908
1626
1332
717
1423
1591
1538
1388
1252
1440
1047
1752
396
1056
1178
142
1736
1572
666
1648
1437
91
1028
253
1912
1146
144
1942
1978
1419
1490
1406
1255
1067
1332
1586
604
918
1538
951
35
431
489
573
396
1056
457
546
481
1572
825
2008
1210
1542
447
1190
2040
650
1628
667
491
646
1672
1853
1908
1626
1332
1480
204
1343
47
951
1995
97
1140
904
384
1588
1673
1450
1450
1443
1752
392
1302
605
1271
1628
827
1095
496
446
1531
1238
1822
677
1255
1131
1173
249
1671
1179
762
806
2008
1820
1740
1800
