1049
1515
1567
1712
306
347
326
156
1437
604
415
709
194
1430
802
667
147
1829
1490
958
692
1444
1353
74
33
973
569
1388
66
97
1140
94
127
1056
1697
546
1335
347
976
2008
803
1542
675
436
1123
1146
853
1942
1718
646
1736
1853
692
1626
1353
1774
604
847
115
951
559
1688
427
1752
1880
1056
1178
546
1335
1030
43
1744
739
1542
662
709
1736
1112
220
1684
1050
646
290
1428
423
1626
1353
1586
204
17
569
1388
422
97
481
1562
1031
1056
457
164
1335
478
326
2008
739
605
662
1190
194
113
29
667
1531
1419
1490
1853
692
525
377
1774
204
591
1538
1124
170
97
332
1752
972
1211
1697
142
267
347
43
1648
358
374
662
1383
1908
1112
29
667
1978
251
1017
1853
610
1067
1458
1774
604
1343
1760
906
422
1030
427
1956
972
1056
457
164
1335
1572
1978
1648
358
605
113
143
696
838
802
667
1978
1821
1736
1428
692
1067
950
1774
204
1343
1538
483
987
97
1047
1780
972
1050
457
546
1335
1443
1978
1648
1210
91
1028
326
1912
1146
1653
1942
210
1821
655
1402
1376
154
1458
1774
724
847
1538
1124
35
1440
1783
1961
972
1211
156
390
1168
1030
1978
568
1134
1802
1056
1190
1527
1204
1653
1448
1050
1139
1736
82
1218
1897
526
1849
27
1343
688
1388
369
907
427
1562
818
1056
1178
142
267
347
825
1665
1210
1542
113
439
1527
1714
983
1942
1531
1419
1736
522
423
1067
1332
1586
724
847
1760
1412
987
1464
332
1956
835
929
1622
290
481
54
1013
156
1030
1370
59
709
1495
554
2010
269
959
177
1518
589
1645
859
1494
1163
804
1591
1076
375
346
1658
930
418
856
296
1373
1238
1823
1880
1152
856
1406
1274
677
268
1107
226
1241
556
2011
373
1381
458
742
1114
388
1107
1827
1278
518
1564
1800
966
617
1306
1300
1072
274
54
695
1035
329
1783
1203
445
1231
1614
1896
1719
14
1782
907
1093
1909
1619
916
1853
609
124
129
136
826
407
1506
1585
1646
1931
1026
2012
1446
1105
635
399
445
739
31
2007
1675
214
626
1921
677
1240
1681
2045
1579
1722
1474
560
1715
1905
1083
2043
74
518
1666
171
588
1846
1015
338
901
302
821
1307
1702
867
1934
1017
1997
1611
146
138
528
665
1974
2042
358
1570
233
235
1236
27
1773
270
511
418
855
454
1409
1640
984
1344
142
821
61
86
308
1720
1435
1217
972
1690
1410
1887
1668
961
172
905
202
334
1991
1904
307
1172
1765
1791
885
1922
746
961
1721
232
1428
406
1324
87
1888
1120
334
216
726
1398
1600
700
1648
1621
1159
763
1046
438
1635
136
1840
1705
1209
1817
1007
1862
116
692
1874
816
1323
466
599
1857
1973
1379
1471
142
1755
428
153
1648
1177
1279
808
1011
1163
1022
1681
1064
1823
360
832
1286
976
1287
465
1492
51
1772
419
569
652
1657
398
249
438
1536
1321
1274
1503
1613
2036
1314
653
831
1336
164
1564
1031
5
512
1359
2018
238
825
1587
1458
1652
1641
1483
1540
1740
1587
1714
1975
786
1024
433
1267
765
804
461
1426
1198
744
1238
1496
284
38
2024
314
606
1323
68
1940
1357
832
1233
1430
97
129
272
1799
392
969
1686
1795
348
531
309
1491
1937
712
818
712
135
1242
1126
1542
1406
709
1330
1853
1478
790
394
1302
58
1354
1061
1652
859
1194
373
750
1105
586
751
830
348
1319
1276
489
203
1816
1459
81
1536
1642
613
538
1479
758
798
1720
817
1626
1551
614
1231
1956
1578
1111
1081
644
1026
685
531
1699
367
1616
730
298
1328
1393
886
794
900
932
1313
1229
64
2003
1964
71
1287
722
822
497
1764
1061
1500
2033
42
1497
1954
1464
784
1218
382
1011
1945
1306
858
598
555
1936
1934
1208
423
913
284
743
389
1542
1109
871
1483
111
1307
936
923
1014
327
1591
1802
1061
1773
589
467
1741
1390
85
616
1823
560
831
647
1050
1659
1151
455
1463
1466
297
804
1591
1881
997
1194
1903
190
1673
1639
1567
1976
1422
1046
1474
1910
788
568
762
1755
1992
369
1449
438
214
1743
46
969
1771
208
952
1818
1307
970
936
739
1866
282
168
1897
79
224
904
638
1760
549
694
1722
679
506
1231
1082
562
1172
925
1615
1770
633
948
1297
1813
1175
508
316
351
89
398
67
1651
1966
1668
34
1776
1863
840
588
92
474
2016
1766
1043
2010
1519
1306
594
1861
314
1701
483
1736
601
71
46
1539
1054
1654
1627
1580
1787
146
1881
1972
192
728
580
391
439
1938
1258
1990
201
1604
1263
351
1446
1710
120
1835
597
1967
1455
339
1519
1868
969
527
1551
1163
133
554
1219
1523
1593
1562
1262
1114
1426
18
1167
823
319
1904
1440
395
1130
1138
475
875
194
1808
491
1756
1500
1864
1100
2042
1155
1470
1994
1768
205
1580
1219
62
437
1996
857
649
2042
1502
1389
596
1004
1885
913
740
1783
1275
799
320
99
303
1578
251
1824
447
429
1633
125
1354
644
98
1868
1477
221
1501
62
1421
1449
815
1551
687
521
245
1064
1661
269
449
704
670
510
198
729
1605
1441
1877
317
402
1011
58
148
840
574
3
813
737
233
104
1941
313
424
1937
555
3
388
1484
1405
1637
144
935
717
1062
441
1619
748
501
1538
373
847
933
1547
148
1961
801
1908
1374
1418
1858
874
723
2020
1132
1090
190
530
540
1014
1289
1111
1312
125
79
910
14
509
1705
410
1128
1182
15
1465
1379
715
1538
436
1497
459
1639
1146
289
1736
484
1231
1183
1350
1065
1893
1250
1795
896
1904
10
535
355
607
305
779
1352
1930
1635
1683
658
887
1689
417
723
1782
1044
941
1171
1300
1262
25
1341
1184
1639
623
1385
1670
100
1668
1645
1621
1249
217
142
1502
1272
99
267
1894
632
1348
1987
316
1697
1529
306
555
825
1744
1875
1542
1165
439
1101
1204
802
1684
491
934
290
1853
610
1897
1009
804
204
645
1778
57
1930
195
1047
1086
1743
1056
783
142
1335
347
976
1477
1437
91
662
1190
1908
1714
644
851
491
1642
290
1428
1255
1626
1458
804
33
973
1484
1124
422
14
905
1833
396
1056
783
290
1335
1572
666
1744
358
1542
1048
436
1101
1204
644
1684
1899
1642
618
1428
692
219
1497
717
1423
973
47
483
1995
1688
427
1833
396
1056
457
290
1019
1030
976
2008
739
1542
1056
436
1523
1204
644
1448
1899
1829
1167
1406
423
896
377
1586
204
1015
47
483
1995
2032
1047
1956
1544
1056
457
290
1019
1030
1044
2008
739
1146
662
709
1908
1714
802
667
1978
1829
618
1428
1872
1626
1353
804
604
17
115
1254
1312
14
1140
1508
1544
1056
783
290
267
347
825
2008
1437
1370
118
439
1912
1714
853
851
32
1419
618
1428
1255
1897
1458
1774
724
847
899
1388
422
1688
1047
1833
395
1056
783
142
481
347
1044
1665
1210
374
1056
143
812
239
983
851
32
1829
290
1406
423
896
1497
963
1423
1015
569
432
422
195
332
1417
395
1056
1178
546
68
347
666
945
358
374
662
1190
1908
1714
144
851
1531
646
445
1428
423
1626
466
1774
33
973
133
483
170
14
2043
1833
1375
166
329
1797
1082
1099
1279
116
30
1225
1704
1892
173
1830
148
174
1687
577
320
1054
720
933
594
304
851
1231
24
1683
753
1795
1238
1127
1104
1855
1374
332
111
818
238
970
1340
552
983
409
1875
745
764
1997
327
327
765
1696
538
1879
1604
1175
1139
903
122
1547
1357
115
1275
713
44
1898
1730
92
1612
256
685
701
909
1031
1603
1813
838
1053
543
55
1165
1059
1083
139
405
1654
1460
1882
1031
1175
1843
1969
435
1373
1972
325
1021
1976
756
1307
1771
1547
1606
197
1207
705
1187
1691
1316
708
1677
1066
240
1169
201
620
1310
849
1312
134
1081
1685
1147
81
558
1761
586
447
987
1235
1751
1444
1421
42
700
290
392
2009
1982
2017
1615
1836
194
111
246
1248
696
1132
1227
947
1510
1378
1355
256
1459
2020
1741
115
818
2019
1304
1626
1769
1229
245
1271
1709
830
415
1090
786
486
1018
1351
1732
1656
1160
678
639
1836
5
427
2004
1706
1551
738
776
1249
1235
1806
856
493
867
734
1448
1441
863
1683
2036
1090
1389
1546
1592
1143
775
738
1662
585
1041
1374
1617
1108
1674
337
1653
1358
2008
132
540
2038
851
1207
519
1070
226
91
1975
135
1019
1335
948
621
1770
883
757
1552
1495
1849
1144
1163
491
1050
2013
228
131
507
887
1093
181
667
1263
585
1840
1881
1535
1842
978
1056
783
142
267
555
825
1477
1323
91
1633
253
1783
1024
144
1684
445
1829
77
1406
610
525
1353
717
204
49
260
1431
170
1171
489
195
729
1056
783
290
1736
347
43
1665
1437
374
1165
1383
1908
838
166
851
1978
1419
1736
1853
692
1067
1332
717
204
973
1484
1589
1995
97
1412
1752
396
1056
783
142
1335
1572
1044
1744
1210
91
1048
439
696
1204
144
1448
32
1642
618
1402
692
1953
1458
1586
27
847
1538
929
1930
1464
2043
1752
1544
1056
783
142
481
347
825
1648
1134
1992
1723
414
1908
650
166
1448
1050
1642
655
1406
1255
1897
1353
1086
204
591
899
1254
1995
1440
271
1833
1544
1056
783
142
1335
1572
43
1744
1437
605
1056
1383
1101
650
1653
851
491
1642
1736
1853
692
1953
1353
853
724
973
1484
1309
35
1688
1047
1752
1544
1056
457
164
267
347
192
2008
1866
374
662
326
1527
2043
29
851
271
646
1672
1853
1255
1626
1458
1774
604
973
1538
1388
1995
97
1412
1348
395
1056
783
142
1335
347
976
2008
1210
1389
1028
253
1527
650
29
851
32
1829
290
1402
692
1897
78
804
204
973
569
1254
35
97
332
1562
818
1056
457
164
481
1443
192
1648
803
91
1056
326
1527
650
1653
851
32
1419
1490
1406
692
896
1353
717
204
591
47
1309
422
1999
1412
1752
395
243
1559
142
1736
347
1433
1665
1210
91
1028
439
1123
650
802
1942
491
1829
1736
1406
423
1626
1497
717
724
1776
1484
951
422
1999
332
904
395
1056
457
164
481
1443
1978
1744
358
1992
1028
1190
1736
650
214
851
200
646
445
1397
1411
896
1353
977
204
591
1538
951
987
1440
1047
1956
395
1056
457
164
267
165
1978
1648
1134
374
1056
143
1908
239
220
1684
32
2017
1736
1654
1908
1897
1332
1277
204
973
1760
597
1995
1447
427
1956
818
1056
457
164
1335
555
976
2008
803
1187
662
439
1736
1714
1089
1448
32
272
1490
522
263
1067
1353
717
27
503
1538
483
422
1440
271
1209
1633
1153
1145
291
491
547
1592
95
486
583
283
782
108
985
1246
1924
1899
886
279
1151
151
210
400
1901
1088
1040
1570
69
1081
1820
1896
643
1923
1756
1450
1534
134
620
1725
205
229
1101
769
2012
1089
595
240
1803
505
1485
365
1624
359
1399
231
1227
1859
1246
1981
878
219
330
1518
657
1874
1688
1661
1908
1495
1700
1626
1625
85
751
1912
1358
426
1618
1284
723
1756
63
233
1544
1024
622
1879
771
859
1862
1656
424
1604
1919
47
1558
408
1419
1987
1491
871
1662
765
1587
1665
1995
213
1233
1269
1272
1580
1787
857
1387
988
672
566
736
910
965
1330
863
359
735
588
1522
1228
595
247
136
57
626
1257
1581
628
1768
1827
143
1120
1958
1973
958
1094
793
1881
1679
1608
434
284
740
1354
234
1441
1244
1855
1493
1724
434
239
890
343
263
1909
1221
1400
989
536
1505
1082
179
1217
39
242
550
155
895
423
915
316
755
47
587
1504
350
62
1983
840
74
1812
1623
1089
1903
1958
917
1661
54
470
533
2040
1172
1670
293
545
492
1925
1154
231
2017
1726
1225
1625
1988
1818
1330
1233
736
870
1768
1331
990
1539
460
818
354
1713
723
735
1019
1520
1875
550
52
1711
1180
1473
874
1305
374
558
1603
370
1920
1388
1544
1303
1735
896
1666
1169
993
1691
849
1318
1441
1723
2039
17
71
1234
1518
525
1890
398
1969
761
693
1144
157
1533
1101
320
2024
1125
1767
1248
104
1028
1975
1165
1049
936
28
537
1092
1673
71
578
482
632
1199
1353
1548
1227
1218
1731
1850
1941
935
1019
1830
2015
1829
964
250
431
975
1913
1473
578
1556
1000
1573
962
1009
1660
1906
1049
1601
1650
707
1106
1941
910
462
348
69
1964
16
941
304
1146
1908
737
1205
1622
1898
1977
363
614
1242
1538
2039
1367
399
1878
1200
415
1477
332
1188
1846
1279
1865
249
444
1057
345
1873
1372
170
1173
109
465
1588
1495
1665
1867
1764
1002
1882
1841
509
392
1213
1402
927
937
361
328
355
1391
1804
273
32
1634
598
833
892
935
735
501
1553
153
408
1757
513
1616
1854
344
1911
1647
915
958
1871
560
936
1389
1080
180
660
259
1968
479
1562
824
855
1634
722
1768
435
742
859
1474
1876
1044
525
1849
701
1086
84
1725
1088
857
1111
1061
1237
446
1889
1882
1400
334
263
51
1229
315
1826
1219
1171
1472
1027
1800
1300
145
65
1646
875
239
1355
852
594
1786
722
612
1706
92
726
619
2019
93
919
2
1164
1377
1201
1027
435
1587
285
1519
360
1940
1501
626
1940
1837
1718
197
491
1556
882
1641
815
1567
384
944
1722
1241
1115
1200
1914
1071
614
934
237
373
717
380
707
2
878
924
241
1940
1243
655
1517
827
1571
1013
488
907
846
702
402
835
580
1831
425
491
676
206
1541
1869
1392
967
753
138
457
1275
769
1594
849
158
130
205
843
1078
4
632
1718
1737
391
1860
1625
1012
166
1493
384
1822
1790
411
1261
893
557
836
424
1024
1894
1415
715
816
903
1546
1488
1054
1887
636
316
667
142
306
555
819
1173
1548
1146
1550
77
2009
1146
166
1368
1196
1670
572
1031
823
154
1332
842
1586
1792
1388
1481
389
889
1412
1454
729
1056
457
290
1736
1720
825
1477
739
605
1048
253
1523
1714
166
1732
1899
1429
618
522
1255
896
1458
717
724
531
1760
951
1160
195
475
1470
396
1056
457
164
481
165
1044
1648
1866
1992
1028
326
108
1146
1653
610
1978
1429
141
1654
1255
219
1332
717
724
973
115
1388
35
97
427
1562
396
1056
457
290
1736
165
1433
1744
803
374
1028
414
1527
1077
802
1448
32
1642
1736
1406
263
896
1353
1774
204
973
47
951
422
97
1047
1752
396
1056
457
164
267
1572
1978
2008
358
91
1056
439
1908
1204
29
995
1652
1419
1017
1428
1376
525
1353
249
27
1291
1778
483
422
97
1657
1718
404
1056
457
290
1736
165
43
985
1866
374
1056
439
1736
650
1653
1448
1978
1642
618
385
692
1067
1353
804
33
591
1484
432
35
369
1047
1562
395
1056
457
290
481
1350
825
1665
803
1389
1165
439
1527
650
214
610
32
911
1100
1402
692
1626
1332
717
27
973
47
1388
1252
2032
271
1956
818
91
783
290
457
165
666
1744
1134
1542
1056
1190
1912
650
220
959
271
1829
1100
1402
1133
1897
1353
717
204
17
1893
1388
1995
97
489
1562
175
243
1029
546
340
347
825
2008
1437
1542
415
143
1123
1714
853
667
32
646
1490
1853
1908
1626
1353
1774
1423
973
569
483
422
97
1047
1752
1926
243
1559
290
1736
1443
1978
1665
739
1992
1165
439
1101
650
166
851
1978
646
618
1428
692
1897
1353
717
204
973
1538
1124
35
97
427
1562
1926
243
1559
546
481
555
825
1648
1437
91
662
439
1123
1430
853
1942
1978
1829
1490
1853
423
1626
1497
717
204
847
115
951
1995
97
1140
1562
384
1211
742
142
306
1030
712
2008
1210
1370
662
439
1101
554
1653
241
748
1642
1490
1853
82
1953
377
1586
204
973
115
483
1365
1999
332
1209
