1049
811
1626
546
1335
1509
1433
1744
1323
91
1056
253
812
1924
802
458
147
1829
1100
1853
1405
531
1332
1067
1423
128
115
951
1930
1688
2043
1082
127
811
1178
290
1019
347
43
152
1437
1542
113
326
812
1204
802
1684
1413
646
1672
1853
1255
1897
1353
1086
619
1792
1547
1254
987
14
2043
764
1880
1056
457
164
1335
1030
1433
1477
1437
91
1056
436
812
239
1653
851
1899
646
1736
1402
423
1067
433
1774
724
847
899
906
422
1440
427
1833
972
1056
1178
142
1335
347
1238
1744
1866
1542
1056
253
812
1112
1653
851
491
1082
1672
1668
1872
1067
466
853
1033
1343
47
1388
559
14
1140
1562
972
1056
1178
142
1335
347
43
1648
803
1542
828
143
1912
1146
885
1684
491
1642
1736
1428
1908
1626
1453
717
33
1446
688
1254
1609
876
332
1752
1799
1229
1697
97
267
1176
976
1477
1106
1802
1056
1156
49
1170
983
610
158
1419
1944
973
1405
154
990
963
627
1802
1089
1124
1034
1171
481
324
1799
929
457
488
1736
781
43
924
1210
1160
1670
760
645
985
214
1620
571
1951
279
235
1071
1905
1019
1407
792
1015
1887
1658
559
2032
157
514
1268
1708
271
955
1012
756
344
160
823
277
1077
632
220
1992
1285
863
154
933
1911
1395
235
2044
599
44
572
1548
1532
1153
762
1486
1977
865
982
1708
963
1640
1781
197
824
1290
1991
1940
1648
1222
1399
1423
1292
960
1118
1837
350
1507
1199
1095
1688
930
985
673
925
1650
684
1208
1119
1165
862
525
1431
1940
1330
2004
642
1286
197
1533
628
1685
1348
689
1208
1950
1904
1354
329
1318
1000
1447
1025
1778
422
1793
1256
186
632
549
570
877
854
574
1397
470
1567
1549
1761
1327
157
1382
1192
472
150
516
1590
1327
1989
1517
1852
459
1605
1744
992
17
409
388
180
1178
1094
1533
1020
89
1555
260
159
1349
1956
1258
1965
1049
830
425
767
460
964
806
1660
1707
474
854
393
242
973
972
1221
1775
1242
868
1831
1344
1029
169
904
1951
9
171
1326
1111
129
39
1779
44
839
573
1549
890
1180
1426
1219
407
1652
1260
1273
1665
1648
1963
1465
1557
1999
759
1104
11
477
1039
1378
719
1057
1718
1766
530
377
736
1611
1847
1840
904
999
1708
1732
581
1716
1391
602
506
580
486
1887
1326
710
1891
538
553
51
506
1209
1691
1723
1820
389
1990
902
1113
914
1924
1556
1708
753
135
739
1927
102
526
1243
1271
511
1166
1506
222
350
598
513
1236
1644
1273
935
1964
830
1959
1262
407
482
1033
1342
554
591
209
1351
2034
1207
1226
1592
1472
1104
680
1125
1764
1461
1707
1812
107
1969
1047
67
740
755
1136
2013
359
115
587
1608
860
482
103
1706
339
674
1151
266
620
93
355
177
409
1531
761
1267
1425
384
1399
1788
715
1970
750
503
466
28
1084
1831
1850
677
1873
1368
1931
777
1474
1299
20
1830
736
926
1276
111
1050
1357
1335
253
1052
100
1627
852
67
255
1689
1322
883
2039
355
599
1968
1204
877
1636
1697
68
1515
897
77
1075
36
205
1305
548
1925
999
151
1435
1718
1954
1992
2022
423
961
542
451
556
686
1761
640
1521
831
787
1051
1272
1988
17
1705
536
823
574
1554
1528
127
1541
926
1992
1387
260
1774
1398
2013
1934
125
347
55
1701
737
336
1691
1984
953
1184
1343
1544
951
907
456
1436
707
1045
1644
1318
1360
1396
1232
612
1094
1724
533
1466
751
210
1155
667
1562
685
431
976
325
245
1920
991
1213
119
252
247
283
1757
1070
341
1955
246
629
155
1647
567
978
1059
109
1507
225
295
1624
2011
394
244
1695
15
355
1864
795
1268
853
804
562
982
1435
392
412
78
510
214
1653
964
1281
1319
1001
1995
527
1808
1199
450
1284
1984
1135
656
977
2009
1918
668
1877
1603
1591
870
1040
1505
1298
1337
2002
1238
756
1331
1331
1255
1252
426
104
167
873
2044
486
1100
2013
1401
985
1921
300
1264
482
267
1862
957
1871
912
1
337
1970
1975
1078
1154
728
1870
1710
1338
1524
786
508
1642
1959
943
12
105
396
125
608
359
965
2022
47
1502
452
835
803
1393
552
2027
510
1443
764
399
296
664
716
43
290
1809
619
191
208
860
438
74
672
1583
1988
770
1514
1146
718
880
1280
412
1498
1782
27
1114
523
628
409
1321
507
1694
889
687
1950
1442
150
1962
693
53
1993
650
1939
594
1971
1999
93
1788
1704
1374
1363
1954
558
343
144
1109
956
1457
128
1689
767
1642
229
2027
782
1307
930
1425
700
502
2013
500
933
112
1538
1244
538
1952
1502
804
515
1906
624
560
1020
1829
921
1972
1081
1463
149
942
116
1499
533
1250
570
267
1802
413
1028
51
1499
1872
626
1370
1705
150
1830
1070
260
1512
968
2006
1319
888
1319
406
1609
714
294
799
71
1324
1973
1228
797
1039
98
995
1133
1828
308
550
378
3
1263
49
1782
1341
1095
1338
1205
1922
803
595
11
1059
711
1223
1998
237
377
240
539
273
1624
1066
344
1462
1182
182
1910
1351
81
300
510
253
351
908
651
1106
1503
801
1338
863
489
850
1997
1294
1407
476
565
84
377
445
1190
320
580
777
582
631
204
980
241
562
2027
1423
896
1135
1330
1463
1790
101
1724
1134
2026
1812
103
1440
5
2033
1934
1212
1034
1587
72
1960
776
269
1515
1251
1717
1140
1844
1907
999
1041
402
469
276
532
1800
1177
1929
1779
186
356
948
1086
187
1283
1772
2013
1169
1834
859
701
1131
1970
1018
221
829
1018
2042
600
980
2
1879
381
910
1288
992
509
1222
1910
1352
346
944
92
1833
1743
190
942
86
75
451
1000
1633
1988
417
1949
713
622
623
544
284
1004
241
34
1621
1477
338
1415
2039
1284
1087
695
1680
734
568
1063
1675
1495
1407
872
208
523
443
180
1523
131
1134
926
1456
1706
959
856
1355
478
1070
268
1747
1355
2023
1787
39
631
780
1001
1680
734
1564
63
1313
1851
1807
150
842
402
1861
1366
1523
1417
526
1514
447
783
216
1972
1468
1387
1792
1427
1625
1168
1141
0
2010
744
202
1510
226
477
1722
744
1532
1634
326
152
1153
1741
1883
2024
603
1897
983
232
491
756
73
781
143
251
1633
233
1954
1623
1668
1752
1431
379
1091
511
978
316
1029
142
1335
1572
43
1477
358
1370
113
143
812
650
802
1684
192
1419
655
1406
1255
873
526
853
33
973
875
1254
1904
2023
427
1082
1743
316
1178
290
1736
347
1978
1665
358
91
1165
439
1343
1430
166
851
1978
1419
1736
1428
1255
219
1497
717
1423
973
1760
1388
170
97
1140
1752
396
1056
783
546
267
165
825
1744
358
374
1723
439
1101
1146
214
851
32
646
1017
1853
1255
219
1497
717
33
973
115
483
422
1440
1196
1607
1544
1056
1697
164
267
347
1978
1648
1134
1992
1056
439
812
650
144
851
1978
1642
1490
1428
1255
1626
1453
1774
724
973
1538
1388
1365
14
1047
1417
1544
1056
783
142
267
165
1249
1533
739
374
1048
436
1736
1430
1653
851
491
1829
618
1402
692
1953
1353
853
1033
17
899
1388
1312
14
2043
1562
404
1056
783
290
581
1572
1871
1665
803
1542
1165
1190
1912
1146
144
1684
200
1829
290
522
1255
1444
696
1586
1423
17
569
1124
170
97
1249
1256
404
1056
783
290
1736
1509
666
1648
739
1802
1048
143
696
1146
144
1448
1978
151
618
1406
1255
525
1497
1774
604
973
1484
1124
35
1218
1140
1752
395
1056
783
142
1335
1509
976
1648
1210
1187
828
143
696
1714
802
851
32
1419
1736
1853
1255
1897
1458
1774
33
591
1538
951
35
2023
475
1752
395
91
1400
546
481
1509
1978
1511
1598
91
161
705
1912
1714
220
1684
200
151
655
344
692
1953
1332
1849
18
17
569
951
1104
97
332
1517
814
1056
1178
546
340
1350
326
1477
469
357
662
709
1912
1430
1653
241
32
646
290
958
692
896
1497
643
792
847
1893
1309
422
97
1047
94
814
1056
1178
546
68
165
1978
945
1134
1389
1670
436
696
1430
802
1942
959
251
655
2028
423
525
1199
1086
619
973
883
483
941
2023
1216
1956
598
1056
783
142
1335
347
192
1665
1210
1370
1048
326
86
650
853
851
32
1642
1923
1406
692
1953
1497
1774
1033
847
1760
483
422
1688
1412
1752
849
1056
1599
1562
1233
568
84
583
803
62
1883
102
194
838
885
610
192
1883
141
5
1908
542
950
1774
142
2002
1760
1309
987
14
2043
762
48
1965
655
1129
2004
606
197
1720
838
1889
1723
973
1970
892
496
849
1346
1548
1544
241
1833
1188
1031
616
1692
1079
1009
892
188
1233
1957
718
269
1837
64
217
1282
1514
331
61
1668
1294
2043
405
208
1574
365
487
48
1788
1291
1554
1434
1586
1880
913
972
830
1367
281
815
94
1355
1669
278
1283
1036
1983
1829
2015
178
222
963
189
1504
406
209
1967
543
1504
798
63
1839
1417
1960
51
1883
1239
488
999
2014
1611
1383
1767
1218
465
560
550
1142
1299
2022
207
605
291
277
2008
2019
1509
362
603
595
462
1705
1605
174
268
1576
1482
132
1249
1162
1417
1566
609
918
183
210
606
917
1757
42
1606
1442
520
113
1600
1237
1560
1979
1824
755
1330
520
582
1547
1585
3
167
1343
1406
178
635
620
1114
1480
1369
901
346
172
489
1232
792
630
1571
603
863
1914
1617
599
407
1135
828
850
2046
525
722
1597
1015
1299
1348
1365
95
180
936
433
186
383
546
1873
849
1980
1893
794
369
480
1367
1309
251
120
2021
1531
233
1884
1100
1967
1274
760
200
1962
2028
988
589
864
267
1722
1135
362
689
1027
732
1887
841
21
451
574
100
1188
813
1314
955
1428
952
1150
887
1869
594
1349
413
1565
1540
441
1878
431
1229
1779
134
105
1896
754
943
1528
155
1333
917
1032
1770
1634
1756
1669
1889
1372
2015
767
1582
968
1619
24
235
902
1283
1271
988
277
713
1282
355
1022
334
355
1355
1310
1486
152
612
1662
1396
0
1646
743
404
925
1089
625
913
1997
670
287
1544
1975
1873
260
1336
1599
341
718
970
303
1123
1990
182
488
320
400
1115
1722
7
1638
848
476
860
1615
1614
1695
1103
1508
1892
1526
1727
138
1215
1035
1994
696
579
1303
1493
287
1812
768
453
970
2007
29
282
474
110
255
986
259
1397
1041
470
284
2044
51
1798
1581
1028
1599
1923
1300
134
1025
400
1873
1684
982
1550
216
438
626
1444
229
481
1232
1343
1322
248
210
1772
134
707
1918
71
362
1214
1138
48
884
1161
1222
883
1159
836
401
1839
354
400
412
1181
1898
1979
119
80
1621
253
1649
797
1425
1036
1021
60
694
1932
1513
1649
559
1631
1823
1606
712
1743
1750
1495
663
113
470
1580
1629
489
1078
394
459
1177
663
774
1070
145
117
851
179
1803
1463
748
1629
115
717
1158
1300
820
470
1507
1146
129
507
1033
1813
2004
227
1961
1305
962
1421
1563
170
1172
1099
1928
1967
1549
1522
1024
679
1712
1496
342
1555
953
135
614
104
906
1003
1744
1780
288
155
1964
1363
1147
1254
1782
432
605
943
428
74
1956
1836
644
157
1179
1366
1993
1645
1235
1592
1739
194
1137
873
1247
104
365
421
702
1372
1549
481
535
270
1226
2015
642
885
1817
1535
179
1474
796
1147
323
206
114
1914
1961
1451
1129
1719
1121
1307
613
668
1104
527
567
251
1041
1264
1617
478
1296
347
1448
358
1965
504
733
85
952
2009
119
1276
386
375
447
32
13
345
1951
577
768
1804
1144
1298
1106
1039
1397
1202
1700
1662
1191
770
944
725
21
37
1966
688
386
632
978
1351
1288
1297
1510
404
543
1099
454
61
151
213
849
1225
1071
903
1310
857
1182
1722
1653
1006
119
14
1935
1765
624
1625
1704
1042
381
1737
995
1599
2023
1975
605
522
481
851
1108
1684
1078
2017
1427
1031
182
125
1531
515
866
667
896
946
1572
43
1533
836
1370
2040
1666
736
1471
736
2036
445
728
810
1654
268
924
1199
1049
602
510
2005
993
877
1996
1309
1309
729
1056
457
290
1019
555
666
1053
1134
391
1056
640
1123
1204
1628
241
1531
1419
1017
1406
1218
1897
466
1586
1957
531
1707
483
1160
1440
726
1833
396
1056
783
142
1335
1572
43
945
1210
91
1028
709
1527
2043
802
1732
1316
1829
618
1428
692
896
1332
74
1423
973
569
929
1312
2023
1216
1417
396
1056
457
290
68
478
1044
1533
1437
374
1740
414
1343
2043
1653
851
491
2017
1490
522
1218
154
1683
1774
724
973
421
1033
66
431
1047
904
396
1056
457
290
481
1572
43
1533
1972
374
1321
436
1101
1430
644
610
1978
1821
618
1406
423
896
78
1067
792
973
1778
1309
1365
97
1140
904
849
1869
1067
1135
351
781
927
243
358
59
681
134
1105
650
29
1602
322
1670
407
1654
38
210
2024
1586
1939
973
1984
1431
58
876
1496
722
