1049
811
373
1422
915
1717
43
1190
739
1389
1223
240
1974
892
716
259
200
1429
655
493
610
39
78
1086
1423
1218
1272
906
100
876
989
1454
127
811
1569
164
946
1443
43
1868
1437
980
1458
709
1527
650
513
610
1718
911
2015
1397
1908
908
466
249
684
591
1484
929
66
14
1216
1718
1880
91
1697
546
1335
1720
976
1477
1972
374
1458
326
1101
1112
1653
1684
42
1821
1736
522
263
1953
433
853
33
17
569
1124
1034
1464
1216
1833
972
91
783
290
1335
1350
976
1533
739
1542
662
516
1736
892
802
1942
111
554
1736
1853
1908
896
950
1586
18
494
569
513
422
97
1783
1470
972
91
1569
164
340
165
1234
1321
1866
1146
662
1729
228
1024
802
485
959
911
445
1717
1645
1897
1458
659
1350
1015
1966
483
769
195
1412
1227
972
91
1029
546
1335
1443
43
1511
1437
2000
118
326
1101
1146
144
610
1050
1829
1167
1654
1255
859
1658
659
1423
1776
47
559
1995
195
1140
1752
972
1056
1178
142
581
1443
1044
1511
1866
374
118
326
1527
1430
1844
241
1531
1352
618
958
263
1626
950
963
619
1343
115
1124
987
1440
271
1752
972
1056
1178
142
581
347
192
1477
803
2028
828
439
1101
1427
1653
1594
1899
151
77
1397
692
896
1497
1067
33
1218
1707
951
559
97
1047
1718
818
1056
1178
1477
1736
1030
1978
1868
1437
374
1048
709
1912
650
166
851
111
151
445
1406
1908
1953
1497
1586
1423
1343
569
1124
1160
97
427
1517
818
1056
457
290
481
1572
192
1648
739
374
415
326
696
1430
144
1684
210
251
655
1397
1255
1626
1458
1774
604
591
1484
951
35
1440
1783
1833
1375
1597
457
1477
946
1867
1044
924
1598
59
2031
140
1101
1133
757
851
111
852
279
1406
407
1953
1332
1774
724
531
1841
2023
346
907
475
1571
1104
1787
2024
2044
563
1650
780
98
1681
1523
102
369
196
43
155
295
1526
1247
972
1311
984
681
1215
204
299
1311
1965
888
1358
759
1679
470
2008
1824
980
1730
1544
1917
1659
1978
206
191
483
834
2003
346
1580
204
1329
992
375
1819
120
2030
1587
1215
834
297
612
629
847
72
1705
1861
668
296
1523
78
1409
764
793
203
865
420
525
644
808
1796
1637
1257
1621
1402
1343
318
1828
1693
1421
1106
1514
1995
1072
1650
59
457
899
1847
645
991
1574
1697
1758
1273
982
249
416
1116
1938
554
1911
539
83
449
978
58
1931
1414
475
933
1591
1023
716
226
1866
1783
91
7
901
1730
1618
423
457
1002
314
514
477
1432
1516
1023
1259
579
730
774
897
1604
1656
1150
771
1057
816
540
553
1933
734
709
1285
1550
521
1792
745
285
1605
1855
1656
919
215
1450
1790
214
1823
1964
1300
1033
2013
556
1862
689
688
1071
1516
85
1483
450
1598
1590
574
581
2021
364
1140
526
1895
178
75
204
1551
323
126
1162
1491
1276
653
418
840
1802
1609
1423
680
1530
1715
316
879
985
1804
1558
1050
1579
1440
814
1592
1280
91
454
751
1580
505
2026
1453
1434
1224
552
875
1508
179
441
35
2031
1688
792
1234
1422
7
1275
1446
993
1122
1772
1223
1532
1458
1541
1776
902
606
846
1764
807
526
116
76
983
1993
545
1700
1309
1446
1760
1653
1764
88
1480
444
1037
1612
811
1756
1677
843
1233
589
1871
590
486
566
236
1006
1475
461
1434
1260
1184
595
418
1002
394
601
323
1802
550
1434
721
2015
737
1731
603
178
1069
114
294
49
880
1363
158
1495
843
1284
452
330
1265
998
1187
536
257
275
574
1478
1139
75
989
1690
803
501
175
1033
1129
493
781
169
786
1936
300
214
344
1285
1062
630
1944
1971
588
1814
26
1389
41
1018
1106
513
483
652
161
1587
291
1542
1296
982
1365
246
1229
1896
405
1736
1666
668
1267
522
568
1187
1693
1463
1980
701
81
1054
1330
1418
150
591
233
1665
767
475
487
846
977
1347
1811
1641
2046
388
698
1472
1414
1456
1131
508
974
948
366
901
1466
885
513
894
709
181
1107
1263
795
1264
858
1790
1639
83
1364
793
1994
107
1364
2025
1371
1453
448
1683
1394
645
2029
430
73
869
1752
1233
634
1178
1048
817
990
1623
1299
1153
361
997
306
1139
1734
1303
1478
227
1246
1524
268
920
755
64
1662
268
296
670
1728
1522
579
1705
1936
1030
452
763
345
1885
1853
383
403
663
236
299
1341
1962
733
1573
219
142
1051
305
871
1682
636
1041
371
1185
806
1773
1559
1311
1244
882
382
1306
1949
868
798
863
1537
1699
561
583
1296
1348
631
754
908
359
1795
643
1392
1627
61
808
358
192
1829
1761
1564
862
157
257
1197
1046
197
552
1690
430
1883
1159
1696
855
949
1550
570
971
1572
61
1227
370
929
725
446
2001
649
525
174
847
2039
300
1418
1727
1243
666
1728
1613
194
2034
1564
1967
1791
1228
926
1450
79
648
1275
750
1613
693
1061
1384
262
21
1641
1147
5
1945
1955
597
1172
372
120
1167
1446
853
1413
152
1840
702
197
411
728
37
1742
996
1962
961
1473
1197
1193
1511
584
292
1322
1
803
1642
1537
1950
543
1080
1816
1727
318
4
851
538
488
1131
1084
657
1960
741
1899
225
1106
1508
551
1449
478
643
1993
1604
944
71
1127
798
1347
2029
1207
361
511
1193
680
1310
675
228
1369
1082
189
1322
476
533
2014
353
761
689
2033
1480
1048
451
1628
2033
1862
970
815
31
657
202
1714
1479
1849
417
23
1556
68
463
1411
1289
608
1175
1638
1232
319
1087
1073
13
568
919
204
773
826
852
1880
1940
1501
190
678
1236
848
1171
1280
811
1298
356
1625
16
1170
1374
447
376
1742
699
426
1757
1960
1740
1717
283
354
769
718
1904
828
1332
1516
205
92
256
1517
1862
714
1147
151
1068
1647
638
709
265
1166
1816
262
938
1548
1477
808
968
17
990
1901
350
1759
830
838
1182
1957
1265
1890
636
1159
666
1334
1233
1335
159
1422
1010
522
1753
1536
1527
1216
530
1275
1680
136
2043
1654
555
736
675
1414
972
2002
1378
1835
853
1864
1216
856
729
316
1697
164
1736
347
825
1533
1210
1992
1723
253
1908
650
885
1448
1978
1419
290
1853
407
1953
1353
1086
724
17
1538
432
346
1688
475
1956
844
1597
265
1300
491
1739
666
1744
469
91
1723
326
194
650
1653
1942
990
1642
618
385
1255
859
1453
74
724
1040
1841
929
1365
754
427
1417
337
1167
1263
1320
1027
1529
813
656
1485
1320
236
1934
2013
864
1170
574
653
399
763
1203
1246
45
658
690
1053
396
1794
1369
521
1077
587
1967
1367
570
397
1219
132
69
1459
232
56
1476
598
477
949
1518
930
874
53
948
948
901
670
1676
837
2028
728
1388
540
1645
525
1138
327
277
244
465
1738
388
1409
452
1382
1695
968
1673
1695
116
848
720
560
1643
138
811
1844
1200
1799
1402
678
1232
1969
1255
903
758
334
100
1582
1534
1959
1133
1768
41
1436
770
1419
1136
1356
153
1300
877
1046
647
1995
1208
100
1965
479
1409
1488
1374
833
1060
1708
869
1794
55
841
175
695
935
1751
1265
922
1948
1776
1680
660
1488
1076
1307
1259
138
457
1831
1474
938
1597
874
581
1724
909
913
1276
1298
1044
1610
1690
1562
503
1971
494
87
1356
864
242
1572
1381
436
1752
941
1308
1437
1723
1193
1191
644
757
369
913
716
1963
527
1346
1812
1832
270
1420
1991
1680
480
1034
623
765
939
935
1708
1565
890
1338
369
436
1089
425
1597
1443
706
954
1821
1524
1808
1584
1611
542
657
90
1981
403
1111
966
1577
1073
1351
1384
1756
1325
1810
1467
1924
235
1186
1686
1201
780
990
1841
1495
235
430
251
1922
581
1730
1624
997
1198
799
764
1537
446
13
1097
1176
764
1697
928
1863
677
1156
559
1305
1944
562
2019
518
290
1232
144
412
1549
1078
687
1004
1871
806
985
1203
1753
1735
1274
1912
56
1903
246
310
585
1972
416
1882
1589
876
858
157
922
1652
814
109
1541
1794
1939
1706
79
1062
822
21
387
696
1067
1178
351
768
798
1322
334
403
1742
275
339
106
981
1249
228
395
566
1985
1877
1484
708
279
486
1066
738
1852
1161
955
1813
1596
2028
2038
647
1460
1874
91
271
936
1579
156
1830
540
26
1986
955
267
1083
565
743
1764
226
1058
797
647
773
1407
1455
271
641
631
873
295
718
711
1003
2022
1737
2034
900
1972
1349
704
1579
316
1517
1884
524
1441
315
1677
1566
1207
2014
691
839
92
1899
1808
1915
899
1823
889
970
1421
469
1279
1714
1726
519
1775
1654
135
675
1571
612
968
1188
1314
599
870
1953
775
912
1939
712
1302
54
1722
869
1506
1402
842
111
1465
1877
1460
127
835
1575
1895
231
1118
509
2015
1485
1214
1721
1786
928
1637
606
1008
295
1292
284
925
567
19
68
1324
363
985
1434
1843
104
378
1138
1489
1186
980
1654
1981
60
97
526
1531
311
769
1641
1780
1501
181
230
1172
2028
504
785
1192
1862
1198
1476
916
831
1254
313
1178
68
555
1419
1633
2028
484
948
1828
500
1432
102
782
1035
1346
1064
590
1506
589
1787
39
1026
1739
354
1532
138
38
435
1969
77
1028
1245
1699
1069
285
1653
1611
454
1371
1068
1519
570
695
78
1218
490
1633
1610
270
751
251
73
1295
654
218
784
853
1903
304
507
1249
1519
295
54
151
1563
1696
561
1573
933
1544
986
1935
1613
1999
236
613
1969
436
155
687
1189
812
1015
158
1147
810
552
1854
925
1458
1940
527
1213
8
321
1699
1387
362
1057
1410
808
1708
429
358
886
295
519
879
724
1467
687
199
1756
1755
1862
735
1735
338
1600
573
289
174
415
1228
1796
1442
392
360
403
2023
464
1753
416
826
1310
346
1706
799
1514
247
233
919
437
781
645
241
1841
733
1983
711
1403
787
1525
1394
1993
1808
901
1708
1551
1327
947
1221
13
1471
1808
869
876
455
989
1510
391
1279
913
1996
313
1959
1940
459
192
1748
1922
375
215
1958
1284
461
1473
1163
402
1013
1291
547
932
895
315
1787
1787
1935
972
1038
1290
824
1965
224
285
667
134
1062
873
1508
1122
1163
1275
837
28
374
2043
1942
811
292
1068
594
504
135
1545
540
1539
1747
1995
954
148
1422
1646
1375
1551
825
1895
412
1620
547
2027
1637
1624
1408
714
682
1782
934
394
277
695
1070
1150
1742
403
1048
1419
1595
456
665
1184
787
631
1590
123
661
389
403
1413
140
376
655
630
1407
343
1043
1220
1838
304
611
647
213
674
257
436
464
1235
1451
1668
934
2020
133
969
774
362
1325
1912
1324
1013
1410
1163
873
1595
1296
1890
1609
1755
1684
1109
962
1790
458
853
386
1889
1216
1041
1507
2003
16
1869
1479
1940
7
1668
718
568
106
107
1462
70
1558
1524
1794
590
980
82
1017
1153
699
1822
1375
1092
1275
1199
349
934
257
1419
1297
1555
2021
622
394
272
587
1677
635
1793
413
365
1904
1568
439
792
1136
1708
1586
1715
1428
1350
1824
841
555
1989
134
981
1926
813
414
987
355
641
1650
1251
2038
19
1790
1852
102
912
818
252
1409
973
19
1489
1463
1550
1038
1348
995
719
1141
1301
378
929
351
727
1267
2014
804
1940
970
1097
1098
1940
351
1319
1726
738
573
1190
1447
1336
804
2043
514
2014
1835
1462
888
1267
737
339
1173
589
377
429
1289
660
1833
2012
1071
1461
1795
901
1664
1000
272
494
1393
1417
1009
1376
1053
1780
534
1625
1865
852
496
385
894
328
1176
55
984
628
465
104
504
1947
1434
1299
249
1891
639
1525
1140
1998
223
558
564
701
2013
860
1580
1668
1300
32
1420
1975
962
30
1806
1489
2025
1685
804
1774
1921
527
1081
150
1065
427
820
2
1890
1342
219
1688
1306
1717
523
1772
876
382
1008
758
1576
698
1552
1368
1439
430
939
852
1833
1343
227
207
1765
720
715
186
176
784
1001
822
1206
1597
426
615
1791
548
848
232
552
1432
649
16
16
1273
1476
1221
1779
1414
406
1284
1718
1588
1587
1386
810
932
349
558
1403
552
613
1410
1750
54
631
1603
544
643
178
1334
1050
1020
856
665
1540
361
1190
1442
1313
958
1960
665
1000
379
56
1849
779
1597
646
2033
733
1862
1052
1380
1845
248
1148
958
442
845
130
635
1654
1134
1408
315
370
1662
351
482
349
709
633
1280
476
1138
625
1874
752
230
205
491
1316
838
929
1635
116
955
330
1887
1462
1653
332
1546
306
1561
1012
311
1851
1202
621
1258
1284
1389
73
80
83
1988
1988
1196
393
1289
651
943
1048
606
1435
400
401
1405
689
710
551
1195
1879
1968
1588
1501
1693
404
1892
1326
1498
926
706
885
859
393
368
1233
850
1740
563
709
811
1697
546
68
601
428
945
803
1802
881
1322
202
2043
1653
480
111
151
655
385
954
219
1134
1396
1205
1340
356
1481
117
484
1713
1874
978
1056
457
290
1019
555
43
2008
1561
1542
1048
709
1736
1112
983
851
491
1261
1017
1402
610
1953
1332
74
805
485
1778
453
1312
1999
427
1718
396
1056
457
1477
340
165
1978
1744
1866
374
1028
326
194
650
1653
1942
200
1642
1100
1397
1908
219
1497
717
33
1446
1707
951
285
1464
1140
1199
396
1056
457
290
481
1572
43
1053
1437
374
1028
439
1527
2043
166
1732
1050
646
1736
1406
1255
1953
1453
1586
604
591
1707
1254
559
1864
1047
1833
396
1056
783
142
1335
1350
976
1053
1210
91
415
1190
194
892
166
1448
306
339
1017
1406
1133
1067
1353
1586
711
591
1538
1124
1995
1924
1783
1417
404
91
1697
546
1335
1350
976
1190
739
91
113
414
1101
650
983
1684
1531
1829
1167
522
1255
1067
1453
1480
684
847
1538
597
66
1063
427
1470
404
91
783
546
267
478
1433
945
1561
459
1056
1605
1823
650
802
667
200
1352
1672
1668
1872
1067
1497
804
724
726
1272
483
1252
97
332
1549
395
1056
457
290
68
478
43
945
1437
374
662
709
202
650
166
851
200
911
618
1609
1908
1626
1928
717
711
49
47
951
1160
1218
1047
904
395
1056
783
290
1736
1030
1978
1665
739
1992
1056
1190
1908
1714
1653
1448
200
251
1167
1853
692
525
1497
717
604
591
115
951
170
1063
2043
1562
1656
433
14
643
1928
1652
968
1321
1323
59
675
1851
449
381
1653
1588
111
963
1288
522
992
1067
763
659
595
1847
688
1431
298
2035
1496
1607
