1049
477
373
1712
1335
2010
43
156
1938
1370
1048
516
1101
650
1821
1942
147
646
655
522
1908
1897
950
1586
711
125
1887
1458
1930
1924
1047
1780
127
1056
1697
142
1335
347
976
1744
739
1542
1723
436
812
1204
1144
851
1718
251
1736
1853
692
525
1497
853
724
847
1484
906
35
14
1047
1833
1880
1056
457
290
946
1443
1978
1511
1437
1992
1028
326
1912
1146
1653
1684
1050
646
1736
522
263
219
433
1480
142
973
47
1388
1160
97
1706
1470
972
1056
1178
142
457
347
825
1533
739
1992
113
253
86
1204
29
1684
1978
1829
1490
412
692
1444
1458
1774
1423
1343
569
150
422
97
171
1752
972
91
1029
97
1019
1030
43
1648
1437
374
662
1190
1527
1430
144
1684
491
1642
1736
1406
1255
1897
1332
1586
204
1343
1538
951
769
1440
2043
195
972
91
1029
97
1736
1572
1978
1648
1437
374
1740
1383
1527
1430
166
241
32
151
1100
1853
263
154
950
804
204
1343
569
432
1930
97
271
1562
972
1056
1178
142
1736
347
825
1533
739
91
1165
1190
1101
1112
644
1448
200
251
1017
1428
610
896
1353
1774
204
1343
1484
483
35
1688
427
1752
972
91
783
290
1335
165
976
1744
739
1187
1048
516
1101
1430
1653
959
1978
1829
618
1853
1908
1067
1497
1586
1423
1343
1760
951
170
2032
271
1961
395
1056
1178
142
481
347
825
2008
1437
91
113
667
1908
1714
1653
1942
835
646
290
1397
1255
1067
1353
1586
604
1591
688
513
1995
1459
2043
1833
395
1056
1178
142
267
347
825
1533
358
1389
1458
1729
1101
1714
802
1684
1050
646
445
522
1255
1897
1353
1086
604
1343
1538
483
1312
1440
427
1956
395
1056
1178
142
267
347
825
1648
1437
91
1223
709
1527
892
166
667
1531
1419
1736
1406
851
1626
1497
804
33
847
1760
1388
1930
1464
1047
1961
395
91
1029
546
1335
478
1433
2008
1972
1542
1723
640
1974
838
644
1942
1899
1642
655
1853
1908
154
1497
963
27
973
115
951
1995
1688
2043
573
1118
1553
1788
523
819
606
845
1803
922
62
113
134
1974
839
1653
1942
368
1106
2041
1327
398
251
78
1086
1252
1446
1841
375
987
48
1832
736
1425
710
1002
1398
1421
283
594
44
1899
1264
1022
1724
1324
2022
84
517
1550
1065
1459
2047
299
413
643
391
1613
1861
61
1114
16
1073
1995
1333
1198
831
1619
845
440
915
1390
543
689
1973
800
1960
855
1766
1131
1152
1476
54
385
214
479
1841
299
628
1974
1394
2035
295
1541
1995
239
1471
1455
631
513
2007
2006
945
1162
460
1601
1917
1508
1105
1386
130
731
1586
522
1639
915
1124
596
124
1790
542
1829
1988
783
783
1429
361
517
159
2001
1697
1790
1161
841
521
604
610
331
1163
1022
738
255
2014
1753
420
1530
1818
1388
1663
729
686
135
865
1846
1109
1987
627
198
1047
932
630
444
1304
2044
1814
134
1408
1788
1517
393
1792
769
1153
414
2003
47
1337
1952
1450
553
691
1762
606
531
280
1963
208
1756
1774
1457
1630
181
124
1330
821
129
611
1888
1394
1616
1311
242
1019
1542
970
28
2012
743
1259
68
672
1534
693
1919
14
1522
118
1127
812
593
1993
1435
946
526
993
591
1484
1796
1176
206
927
1495
1116
422
1746
1058
1677
2003
1360
539
2013
766
793
1568
28
334
176
1668
1021
155
1798
123
1944
1588
473
1518
1968
2043
1959
1191
1306
1401
444
1553
1919
1642
1574
309
671
947
572
700
1866
1784
941
1282
1318
37
214
1176
1562
481
186
1004
2031
1203
1869
1414
26
2045
649
1245
948
22
1066
1257
1531
620
234
971
1147
962
1557
1640
314
486
333
213
373
1976
1388
1873
913
629
1079
938
15
1326
764
1668
2035
1343
225
1400
203
1858
1558
82
614
759
1721
163
35
133
371
841
1687
496
444
782
908
711
660
1975
295
1959
1293
251
999
1491
1881
496
503
1343
1669
1648
1078
878
1137
693
579
1395
1787
375
988
1624
1545
509
442
516
592
1755
177
1519
1410
1954
1878
1446
202
565
1641
321
1527
62
1642
1828
77
917
92
957
1094
1548
1423
1284
412
800
1798
138
813
803
754
1015
1935
1146
281
1184
399
543
1878
102
458
1785
1964
50
1586
1277
339
1828
681
1839
92
450
1552
1166
1693
197
488
312
721
1274
1258
359
287
2001
458
955
837
1430
1148
1710
551
1599
493
202
1262
153
154
1595
1289
15
561
888
2023
140
310
1118
1580
1169
1792
293
1363
993
408
1593
340
1593
974
1920
758
1455
266
1407
523
1013
1303
1883
499
1634
68
145
115
658
463
1163
1300
589
1737
1067
1213
1907
1211
1791
135
1931
301
1687
1224
1594
1763
2015
909
263
1397
130
1121
1671
670
351
649
1545
595
1407
2022
978
316
1697
1652
1335
1569
43
2008
803
91
415
439
1523
1146
220
1942
210
646
618
228
469
1067
884
717
604
17
1893
951
285
1440
1911
1956
729
243
1559
546
267
555
825
1744
803
91
118
1383
194
1146
885
1448
32
1829
1017
1428
263
1953
1497
853
724
591
1538
929
1995
1440
475
1508
1743
1056
783
142
1335
347
1234
1665
1938
374
1056
516
1908
1146
1653
1448
210
1642
1017
1853
423
1067
1458
1086
2044
847
1760
1388
422
97
427
1956
396
1056
783
142
481
347
1044
1533
739
1992
1723
439
1908
650
144
1588
1531
646
1736
958
1255
1626
1332
717
204
973
47
1388
1995
1688
2043
1752
396
1056
783
142
481
347
666
2008
739
374
662
436
1101
113
644
851
1899
1829
1672
1853
692
1067
377
1586
204
591
899
513
35
14
427
1348
849
91
1456
426
1335
1509
1978
1177
1210
1510
1056
1190
1123
892
853
1942
835
1821
618
172
328
1897
1683
179
11
847
1538
929
170
14
1140
1470
1923
46
929
1054
1826
778
1898
2013
65
534
801
1462
1459
831
515
1835
216
672
674
1502
73
865
1131
1454
1478
1741
106
1592
985
599
899
1670
1874
1091
999
466
712
319
1108
160
29
1047
1834
1789
1742
41
1997
1383
1742
1806
580
489
290
1292
360
1578
326
1702
972
1007
1455
286
1010
343
997
184
41
1999
1037
484
1026
1210
231
575
852
312
522
100
1136
1750
395
1464
166
1352
1350
1313
1417
969
124
558
1764
534
2016
1183
507
2033
1455
892
610
1888
131
319
1882
638
594
1078
86
1711
719
999
2029
1191
488
691
1046
91
1400
632
1882
741
109
1018
65
1018
144
454
598
198
1455
354
1434
2018
584
1839
2038
1125
391
72
1399
911
195
698
717
1706
1629
138
821
353
1089
291
1580
1311
1286
775
781
37
444
984
53
538
362
1756
1053
503
995
1747
454
1005
1032
680
1906
980
768
840
1386
60
999
1891
1417
1588
1096
1502
905
388
974
292
873
1499
43
1338
1021
1042
144
821
898
1366
327
726
1169
1959
595
271
197
846
411
827
688
1071
807
1452
480
1433
708
1044
606
1282
24
2033
1569
193
1472
843
709
1374
1134
74
1722
1486
1745
1516
1044
488
1875
2000
618
226
747
719
1837
750
1900
2010
1973
192
1836
125
2004
239
1871
1432
519
532
100
1924
272
869
292
142
1700
1998
612
254
1602
1793
726
1073
864
32
639
147
474
1913
1987
1795
944
1651
1859
1084
1355
1808
1097
2019
99
1319
1508
1730
1231
235
1560
523
136
1900
62
613
1014
1128
747
736
1344
1670
183
1344
1260
393
1882
1553
361
1891
110
1727
1559
2034
1538
103
774
2008
1922
2013
1566
1436
1141
812
130
229
1022
1242
102
1027
430
1209
1932
409
1950
1265
277
1002
1871
400
1551
135
1589
123
1357
60
202
715
833
1534
145
654
1070
1757
1229
1779
1654
1518
1020
1659
747
227
1519
1274
722
1269
563
658
566
397
1630
1626
966
421
329
765
706
1129
1081
108
779
434
919
1091
305
1526
705
277
88
1038
1278
913
2040
983
21
531
1470
1705
514
1298
464
1486
1036
2033
462
1384
1937
1867
1415
1082
798
1118
758
1825
435
1258
977
1828
1458
1052
1819
1646
87
1934
468
351
1925
1685
51
1411
1422
38
1089
448
807
1287
814
1392
1919
1029
898
859
1464
758
413
557
1395
569
732
1407
1895
1520
1016
1477
1327
165
37
754
77
569
1325
1920
43
159
214
540
210
151
1213
1377
469
1623
1024
1066
632
652
1091
1715
1709
11
1309
195
729
1056
783
142
457
347
43
1665
739
91
1165
709
1908
1714
853
1732
200
1829
1736
1397
692
1953
1332
1774
604
591
569
1309
1312
1440
1216
904
729
1056
783
142
481
1030
1249
1533
1437
374
1048
436
812
838
1653
851
32
1261
1736
1853
423
219
950
717
604
1343
1760
1388
1995
97
905
1348
396
1056
783
290
1736
1572
1044
1648
739
1146
415
439
1908
892
166
1448
32
1419
445
1853
263
1626
1353
1774
204
1343
115
951
170
1440
1047
1752
1544
1056
783
290
1736
165
43
1744
1210
374
662
439
1912
1146
220
610
491
1419
1490
1428
692
1067
1497
1774
33
847
115
1388
1034
1688
1140
1607
1544
1056
1178
546
457
1030
666
1533
739
1370
415
1190
1908
1146
144
1448
491
1419
290
1406
692
1953
1332
1774
724
973
1484
1388
1995
1440
1047
1199
1544
1056
1697
164
481
1030
666
1744
1437
374
1048
439
1912
1146
144
610
271
646
618
1428
692
219
1497
1774
142
591
1760
1124
1995
1440
1140
1562
1934
1056
783
142
481
347
1044
1648
1210
374
1048
439
1908
239
220
1942
1899
1419
618
1654
692
1897
1453
1086
204
591
569
1388
1995
1440
332
1833
849
887
1039
1411
1450
1739
1651
1727
641
605
757
1733
2009
165
1752
1525
1050
1642
1017
1327
35
1004
1507
582
1033
1325
1038
48
1034
1488
1249
708
1375
1564
1930
1618
411
282
1751
2030
33
1011
1036
96
1783
1720
754
29
1861
1070
1997
933
1637
1672
296
1955
851
1210
89
766
917
489
1217
1977
1123
1327
410
207
1733
1995
1710
139
249
532
1034
1238
1263
243
1424
491
264
827
1113
1617
904
1788
118
1937
964
630
122
1485
656
1895
1152
1714
1864
47
1620
1516
605
2011
1895
1335
260
1081
966
1067
2047
1470
1587
1576
1704
878
1780
239
81
1614
1159
91
643
764
2015
1284
336
1146
1766
254
1135
1207
1967
1653
1906
2044
918
1626
307
1951
146
268
1365
33
1866
236
2006
70
807
1192
1533
1803
1959
1405
40
422
795
1660
604
848
1630
23
937
1053
64
1387
1323
1784
1502
426
969
355
542
1638
17
146
769
22
930
1708
1679
226
191
1874
626
741
2006
330
586
573
961
1442
480
479
1359
1895
1957
1445
1826
461
255
912
244
1047
1078
163
1768
1309
1288
584
1948
717
819
717
1034
613
1136
49
1369
683
1922
1194
958
1536
1207
923
786
1193
153
398
757
702
1715
2042
1500
1806
188
1401
1244
975
536
335
1886
1837
1433
1772
406
867
1688
1583
373
1547
1691
1999
779
726
1205
151
118
1152
29
1943
951
321
585
365
69
368
582
1335
1161
1827
359
1857
1982
1343
791
1891
1177
1537
1484
956
979
1934
201
1342
1362
324
1938
1147
1725
1208
55
791
874
1898
1911
282
1008
1341
1935
1971
560
806
1829
1857
793
1424
183
1456
1034
717
412
1189
760
1880
565
1006
384
1453
1445
480
247
1720
423
639
238
1628
472
1035
261
686
586
1210
1359
1565
1841
1701
1136
1460
1823
294
1184
615
766
1793
1201
1912
1638
21
514
1166
1073
893
343
976
1914
1316
1468
691
1466
113
1052
403
212
443
1016
848
305
1915
1307
1376
1397
248
137
538
921
1781
1164
1618
998
613
488
74
1825
1799
230
1887
1136
2012
1443
769
1909
1971
1552
348
1652
109
1800
824
646
945
1461
563
232
1136
166
337
1188
1589
1056
26
1555
1300
1476
1144
294
1433
1547
1294
461
1384
572
1995
529
1030
65
1871
1261
1954
1680
478
699
1990
1725
384
343
1014
601
661
1818
37
873
552
339
1480
1861
728
1308
1664
1987
243
1016
1486
267
580
1238
1477
718
357
1280
1223
158
647
993
461
1757
151
716
407
1768
960
1535
766
59
2028
748
57
395
983
236
1236
978
1056
1697
1562
1736
1443
1044
2008
803
1187
662
439
1736
1204
166
667
1899
1419
445
1853
692
1626
1353
1586
724
973
1893
453
170
195
1140
1752
729
1056
457
164
481
165
1234
1665
1866
1146
1723
439
194
838
983
610
32
911
1490
412
1908
525
1353
717
27
1446
1538
1388
1995
1688
332
1752
396
1056
457
164
481
165
1234
1665
1866
1992
1165
1190
194
1146
1653
1448
1978
646
1736
1654
1908
1067
1458
717
724
973
1760
1124
1995
97
660
1833
396
1056
783
142
481
347
1234
1665
358
1992
1048
516
1736
892
802
1684
200
1829
445
1853
1872
1626
1353
977
33
847
899
1388
203
1688
427
1562
384
1869
102
798
1928
1739
1948
1942
1330
1729
675
326
1349
719
942
1500
1141
1696
723
677
692
459
1201
717
632
393
429
1431
670
1488
726
1549
