1049
811
1626
546
1335
478
666
1744
1437
1802
1048
326
1736
1146
1653
1448
147
646
983
1853
1003
1067
1458
1901
33
591
1893
951
171
1640
332
1833
127
811
1178
546
481
347
1044
1533
1972
374
1048
326
1123
650
853
1684
1718
1829
290
1402
263
896
1497
977
724
777
115
1124
1252
14
1047
1417
1880
1056
1559
142
1335
1273
1234
1648
739
1146
113
436
1736
1430
1464
610
1029
1642
618
1397
263
1626
705
717
724
973
47
1254
941
369
475
1276
1799
1241
320
704
1019
482
1526
1477
836
1904
430
712
142
644
1574
828
1678
151
1114
646
2033
1504
651
853
1110
1332
888
1254
147
1159
1349
155
420
249
991
1888
696
1669
1147
992
1749
447
1263
1733
1905
1230
1940
1519
1359
76
158
180
553
250
985
370
208
2016
1399
1602
1211
647
470
1591
1010
1021
1821
567
480
1450
27
1925
592
1244
661
2011
525
576
1918
115
2027
521
1777
575
338
1267
511
1173
1235
59
572
1940
891
1958
502
92
1849
1273
790
84
782
176
671
807
1334
376
1436
791
1803
1277
208
119
926
1236
698
1767
363
216
58
1271
1721
886
1881
412
1527
1577
807
1333
1312
1773
804
1302
141
1983
1155
1466
424
2036
1553
559
1909
279
1459
1735
1910
274
547
1806
504
979
1395
2024
227
1221
787
1384
1289
848
221
905
1052
1427
1255
698
1715
1806
541
1380
211
2025
893
1936
1491
1855
1098
107
730
329
1920
731
1308
1447
1401
50
755
1104
275
2008
176
1348
845
35
971
1580
1780
923
103
464
758
1820
1317
1829
1616
1822
955
1449
2016
1333
353
1057
1326
737
776
563
871
1531
629
1640
1035
28
1059
1981
876
564
1276
599
1530
1909
1384
1999
730
1699
828
173
68
307
1391
882
1604
652
1171
1012
1143
1870
1185
228
579
1531
1864
1617
1725
1424
1847
1559
574
1457
1596
142
1319
1752
728
1917
185
1982
1997
412
267
2038
524
464
329
135
615
77
1081
474
2023
1580
113
422
884
385
1067
1857
417
620
1628
559
1235
865
1590
1385
644
614
1682
301
1360
1264
331
1828
247
1838
205
1031
1057
1640
660
1569
2010
2023
562
980
1919
374
521
1654
1999
1806
653
361
983
606
1700
1721
644
449
926
1489
298
1234
1524
863
1876
1552
963
99
1481
442
99
852
784
881
441
73
1606
1159
315
283
755
1177
1948
683
1902
1661
1324
1243
2006
399
1908
964
1573
266
1471
1907
332
1817
1062
1105
1306
1622
217
1723
1090
1153
1197
518
1710
830
1584
342
940
954
1183
973
977
737
766
491
173
1029
1412
1161
843
679
856
1799
1775
800
1975
106
274
55
1570
638
269
1782
1877
425
1597
1247
793
192
288
994
522
238
1792
322
399
33
964
0
166
523
251
1165
1423
1532
1011
844
764
596
798
1267
1552
662
1786
1244
2028
39
629
759
360
1548
256
134
377
1148
1340
53
251
51
846
817
748
995
488
283
1537
1528
1777
476
1617
1911
1051
817
227
543
890
1356
648
392
110
1348
1319
1321
1032
1649
920
187
1794
1424
531
1422
488
1281
1899
616
239
573
676
1610
1597
6
1460
1765
520
1826
107
511
1086
1575
1834
1468
1950
347
1342
942
1449
217
1765
274
1566
918
2024
472
1233
1634
1376
952
1911
604
427
1198
676
204
1660
1028
491
313
100
739
1408
1680
1496
1854
1334
481
1211
1538
1486
1570
415
1462
1940
1784
1930
1129
20
92
2018
388
1240
1647
534
378
140
1864
1928
920
924
1238
1175
102
879
221
1793
839
1376
1860
1853
1694
1334
197
1366
251
205
843
1616
1581
848
1876
257
1649
311
1146
853
2037
374
553
398
558
693
1707
400
1594
123
81
357
1108
51
462
663
486
1086
238
1120
526
636
477
1599
1464
816
317
1348
1551
1378
1948
1012
1729
49
23
496
1942
959
1617
207
522
1097
251
651
1586
1758
49
1707
970
1608
195
481
1709
729
1056
783
142
267
1443
43
1321
358
605
1028
709
1527
2043
802
241
929
1419
445
1428
692
1897
1353
717
27
591
899
483
559
14
1047
324
396
1056
1697
164
267
347
1044
1665
358
1992
1056
1190
812
892
1628
851
1050
1829
290
1428
1255
1626
1332
804
142
973
47
1124
1178
2023
1047
1752
396
1056
783
142
267
347
1978
2008
739
1542
118
1190
194
1430
29
1684
32
1821
1167
1853
1872
1897
1453
1586
724
591
1893
1388
1930
97
332
1833
396
1056
457
290
481
1443
1044
1477
1323
1187
662
1190
1908
1204
1628
1448
200
1642
1736
1402
692
859
1458
1586
142
1776
1778
951
1995
1688
1047
805
404
1056
457
290
1736
1572
1978
152
1437
1802
118
439
696
650
1653
241
1978
1419
1490
1397
1255
1897
1458
1086
2044
847
1893
951
1995
14
2043
324
395
1056
457
1652
481
1440
1512
1477
1437
91
1223
143
228
838
1628
1684
1413
1829
1219
1853
469
154
1497
1086
204
17
1887
597
1034
1688
1783
1833
395
91
783
290
1019
347
192
945
358
91
662
1190
228
1204
802
1448
1978
1082
445
1428
143
1897
377
1774
33
591
569
453
1995
14
1349
324
395
1056
1178
142
267
347
666
1477
803
374
1048
439
1101
650
144
1942
210
1642
290
1402
263
896
1453
643
1730
591
1538
906
1178
97
1496
904
1633
1111
1165
1993
3
344
672
933
569
701
358
1480
607
1654
439
582
1413
947
1781
1519
980
847
1935
984
737
1676
1672
1681
286
1413
1006
2028
1608
1550
695
30
1227
1150
885
1495
1760
1217
1385
601
1382
1816
1282
18
324
180
1397
1395
1212
1695
1139
1313
966
1787
909
924
954
1814
376
790
444
767
1875
2043
895
557
134
1794
1008
1632
86
1971
452
80
1498
1783
451
227
148
1181
781
875
782
1986
414
1198
100
1202
1602
1177
439
1008
1366
299
1964
673
1741
62
1606
1079
1066
614
87
69
470
1499
1324
1394
726
378
399
1936
774
43
887
471
385
754
1449
395
1241
216
970
1921
786
1640
120
346
1851
1576
1271
1411
1258
1765
852
874
1283
2000
580
240
1303
1445
1789
1592
1354
1988
1418
1778
577
1293
1012
1246
1659
281
1679
660
70
603
1653
781
1667
593
2034
1192
1570
718
872
673
705
364
295
1134
752
945
905
1166
1884
855
1583
662
895
1266
830
1246
647
1398
581
1423
1689
394
481
895
173
1131
1346
1817
864
621
249
900
1856
1449
868
517
598
1939
1033
1821
401
2031
1616
904
1063
1171
1184
835
1561
1599
1632
1240
1957
617
320
840
1935
299
443
1575
1993
1274
1920
939
43
201
1934
839
1363
1639
1648
1866
533
1147
1837
886
391
858
894
1251
961
24
1874
1721
2024
1912
627
602
723
1981
467
782
821
452
48
1155
1969
237
1173
222
185
577
43
771
1832
1011
1488
945
633
1512
468
1078
1480
907
1819
1427
298
410
1954
1652
49
414
1997
87
946
329
914
941
1329
232
940
1897
1590
37
491
136
1519
1998
431
1895
437
1884
889
589
1780
546
1365
537
298
965
1374
141
1307
2015
1147
1175
1396
233
1663
1140
1850
973
541
1126
509
2034
948
488
1599
633
409
242
1451
53
386
1259
1851
1506
1138
851
979
1257
1646
1482
1520
1780
1118
1830
1213
1396
1886
1457
670
1961
46
304
156
65
825
696
1383
1312
1220
1757
1496
376
1486
300
93
242
1385
753
206
1708
1679
92
1529
1765
356
706
1759
985
990
1020
717
1297
53
547
124
900
1889
1020
176
517
147
100
127
848
697
1927
1019
1852
43
1913
97
1857
399
567
884
183
548
514
1568
1533
1747
1316
1388
552
2032
900
1410
1890
1855
1446
1996
1710
700
705
1392
1355
525
55
247
1280
1165
1492
872
1384
159
101
788
1724
1410
1378
1435
379
1953
218
698
475
1016
511
1028
1931
348
1947
914
954
1975
9
1178
821
1208
116
1549
22
1777
1500
1289
511
1974
1853
890
1137
1223
416
563
1911
68
1309
1694
1732
1271
1464
1429
1296
276
65
1
147
937
589
1885
1857
628
670
1991
535
578
1712
1307
1540
1456
1477
120
1007
1630
165
824
1662
1893
326
1084
131
1019
461
1363
20
431
1594
811
1566
696
1923
684
126
1360
296
1044
1872
1330
101
709
316
1559
164
723
555
1044
2008
1437
1389
1325
326
1736
1146
29
851
1050
1419
1219
522
1780
1897
377
1645
18
17
569
1124
171
2032
1140
324
729
1056
783
1477
1335
1030
1978
2008
1437
91
1056
709
194
113
1653
851
111
1419
618
1428
1908
525
1332
1480
204
1446
569
1715
35
1218
1140
1752
1743
1056
783
290
1736
347
666
2008
739
374
662
1190
812
113
166
1448
929
646
1490
1853
1255
1067
1353
717
724
973
1538
432
422
97
427
1470
396
1056
783
142
481
1509
666
1648
739
374
1056
709
812
239
802
610
210
1419
1736
1654
1908
154
1353
1774
724
17
115
1388
422
1440
332
1517
396
1056
783
290
1736
347
825
2008
1210
1542
113
439
1527
1146
983
241
1050
1419
1736
522
263
1953
1332
1929
1423
17
47
1388
389
14
1704
1833
1544
1056
783
290
1736
347
1978
2008
1437
1992
1048
1190
1527
838
1653
851
42
1352
618
1853
263
1897
1497
717
27
1591
1484
483
422
1688
1140
1607
384
433
14
1450
1741
1942
1783
1477
1793
62
118
709
1866
543
469
1732
111
1139
1321
596
1217
183
254
641
1350
19
762
1978
254
1983
788
492
